seed name                                                             unprescaled    prescale           prescaled            unique proportional weight
L1_SingleMuCosmics                                                       3489.160           0     0.000 +-  0.000   0.000 +-  0.000     0.000 1.000
L1_SingleMuOpen                                                          3489.123       63000     0.037 +-  0.026   0.037 +-  0.026     0.037 1.000
L1_SingleMuCosmics_BMTF                                                   231.690           0     0.000 +-  0.000   0.000 +-  0.000     0.000 1.000
L1_SingleMuCosmics_OMTF                                                   274.885           0     0.000 +-  0.000   0.000 +-  0.000     0.000 1.000
L1_SingleMuCosmics_EMTF                                                  3067.831           0     0.000 +-  0.000   0.000 +-  0.000     0.000 1.000
L1_SingleMu0_BMTF                                                         231.690           0     0.000 +-  0.000   0.000 +-  0.000     0.000 1.000
L1_SingleMu0_OMTF                                                         149.123           0     0.000 +-  0.000   0.000 +-  0.000     0.000 1.000
L1_SingleMu0_EMTF                                                        1782.770           0     0.000 +-  0.000   0.000 +-  0.000     0.000 1.000
L1_SingleMu3                                                             1242.604       22000     0.055 +-  0.032   0.055 +-  0.032     0.055 1.000
L1_SingleMu5                                                              375.531        1700     0.203 +-  0.061   0.203 +-  0.061     0.203 1.000
L1_SingleMu7                                                              149.492         670     0.222 +-  0.064   0.148 +-  0.052     0.170 1.000
L1_SingleMu10_LowQ                                                         67.276        1300     0.037 +-  0.026   0.037 +-  0.026     0.037 1.000
L1_SingleMu11_LowQ                                                         51.819           0     0.000 +-  0.000   0.000 +-  0.000     0.000 1.000
L1_SingleMu12_LowQ_BMTF                                                     7.553           0     0.000 +-  0.000   0.000 +-  0.000     0.000 1.000
L1_SingleMu12_LowQ_OMTF                                                     8.440           0     0.000 +-  0.000   0.000 +-  0.000     0.000 1.000
L1_SingleMu12_LowQ_EMTF                                                    27.147           0     0.000 +-  0.000   0.000 +-  0.000     0.000 1.000
L1_SingleMu16                                                              15.568           0     0.000 +-  0.000   0.000 +-  0.000     0.000 1.000
L1_SingleMu18                                                              11.856         210     0.055 +-  0.032   0.018 +-  0.018     0.028 1.000
L1_SingleMu20                                                               9.123           0     0.000 +-  0.000   0.000 +-  0.000     0.000 1.000
L1_SingleMu22                                                               7.701           0     0.000 +-  0.000   0.000 +-  0.000     0.000 1.000
L1_SingleMu22_BMTF                                                          1.847           0     0.000 +-  0.000   0.000 +-  0.000     0.000 1.000
L1_SingleMu22_OMTF                                                          2.087           0     0.000 +-  0.000   0.000 +-  0.000     0.000 1.000
L1_SingleMu22_EMTF                                                          3.767           0     0.000 +-  0.000   0.000 +-  0.000     0.000 1.000
L1_SingleMu25                                                               6.390           1     6.390 +-  0.344   1.108 +-  0.143     3.254 1.000
L1_SingleMu30                                                               4.838           1     4.838 +-  0.299   0.000 +-  0.000     1.996 1.000
L1_SingleMu14er2p1                                                         17.248           0     0.000 +-  0.000   0.000 +-  0.000     0.000 1.000
L1_SingleMu16er2p1                                                         12.576           0     0.000 +-  0.000   0.000 +-  0.000     0.000 1.000
L1_SingleMu18er2p1                                                          9.437           0     0.000 +-  0.000   0.000 +-  0.000     0.000 1.000
L1_SingleMu20er2p1                                                          7.073           0     0.000 +-  0.000   0.000 +-  0.000     0.000 1.000
L1_SingleMu22er2p1                                                          5.946           0     0.000 +-  0.000   0.000 +-  0.000     0.000 1.000
L1_DoubleMu0                                                              289.658           0     0.000 +-  0.000   0.000 +-  0.000     0.000 1.000
L1_DoubleMu_11_4                                                            3.860           0     0.000 +-  0.000   0.000 +-  0.000     0.000 1.000
L1_DoubleMu_12_5                                                            2.105           0     0.000 +-  0.000   0.000 +-  0.000     0.000 1.000
L1_DoubleMu_12_8                                                            0.776           0     0.000 +-  0.000   0.000 +-  0.000     0.000 1.000
L1_DoubleMu_13_6                                                            1.090           0     0.000 +-  0.000   0.000 +-  0.000     0.000 1.000
L1_DoubleMu_15_5                                                            1.477           0     0.000 +-  0.000   0.000 +-  0.000     0.000 1.000
L1_DoubleMu_15_7                                                            0.646           1     0.646 +-  0.109   0.129 +-  0.049     0.199 1.000
L1_DoubleMu18er2p1                                                          0.018           1     0.018 +-  0.018   0.000 +-  0.000     0.001 1.000
L1_DoubleMu22er2p1                                                          0.018           1     0.018 +-  0.018   0.000 +-  0.000     0.001 1.000
L1_TripleMu0                                                               22.179           0     0.000 +-  0.000   0.000 +-  0.000     0.000 1.000
L1_TripleMu3                                                                3.620           0     0.000 +-  0.000   0.000 +-  0.000     0.000 1.000
L1_TripleMu_4_4_4                                                           1.127           1     1.127 +-  0.144   0.000 +-  0.000     0.210 1.000
L1_TripleMu_5_0_0                                                           8.938           0     0.000 +-  0.000   0.000 +-  0.000     0.000 1.000
L1_TripleMu_5_3_3                                                           2.567           1     2.567 +-  0.218   0.240 +-  0.067     0.800 1.000
L1_TripleMu_5_5_3                                                           1.127           1     1.127 +-  0.144   0.000 +-  0.000     0.198 1.000
L1_QuadMu0                                                                  1.459           0     0.000 +-  0.000   0.000 +-  0.000     0.000 1.000
L1_SingleEG5                                                            14157.435      220000     0.055 +-  0.032   0.055 +-  0.032     0.055 1.000
L1_SingleEG10                                                            2541.552       38000     0.055 +-  0.032   0.055 +-  0.032     0.055 1.000
L1_SingleEG15                                                             550.619        2700     0.203 +-  0.061   0.203 +-  0.061     0.203 1.000
L1_SingleEG18                                                             190.600           0     0.000 +-  0.000   0.000 +-  0.000     0.000 1.000
L1_SingleEG24                                                              56.898           0     0.000 +-  0.000   0.000 +-  0.000     0.000 1.000
L1_SingleEG26                                                              43.970         780     0.055 +-  0.032   0.055 +-  0.032     0.055 1.000
L1_SingleEG28                                                              33.869           0     0.000 +-  0.000   0.000 +-  0.000     0.000 1.000
L1_SingleEG30                                                              27.498           0     0.000 +-  0.000   0.000 +-  0.000     0.000 1.000
L1_SingleEG32                                                              21.662           0     0.000 +-  0.000   0.000 +-  0.000     0.000 1.000
L1_SingleEG34                                                              17.359           0     0.000 +-  0.000   0.000 +-  0.000     0.000 1.000
L1_SingleEG36                                                              14.331           0     0.000 +-  0.000   0.000 +-  0.000     0.000 1.000
L1_SingleEG38                                                              12.428           0     0.000 +-  0.000   0.000 +-  0.000     0.000 1.000
L1_SingleEG40                                                              10.342           1    10.342 +-  0.437   0.609 +-  0.106     1.653 1.000
L1_SingleEG42                                                               8.864           1     8.864 +-  0.405   0.000 +-  0.000     0.931 1.000
L1_SingleEG45                                                               6.796           1     6.796 +-  0.354   0.000 +-  0.000     0.456 1.000
L1_SingleEG50                                                               4.691           1     4.691 +-  0.294   0.000 +-  0.000     0.208 1.000
L1_SingleEG34er2p1                                                         10.175           0     0.000 +-  0.000   0.000 +-  0.000     0.000 1.000
L1_SingleEG36er2p1                                                          8.680           0     0.000 +-  0.000   0.000 +-  0.000     0.000 1.000
L1_SingleEG38er2p1                                                          7.756           0     0.000 +-  0.000   0.000 +-  0.000     0.000 1.000
L1_SingleIsoEG18                                                           22.161           0     0.000 +-  0.000   0.000 +-  0.000     0.000 1.000
L1_SingleIsoEG20                                                           19.206           0     0.000 +-  0.000   0.000 +-  0.000     0.000 1.000
L1_SingleIsoEG22                                                           17.285           0     0.000 +-  0.000   0.000 +-  0.000     0.000 1.000
L1_SingleIsoEG24                                                           15.956           0     0.000 +-  0.000   0.000 +-  0.000     0.000 1.000
L1_SingleIsoEG26                                                           15.143           0     0.000 +-  0.000   0.000 +-  0.000     0.000 1.000
L1_SingleIsoEG28                                                           13.721           0     0.000 +-  0.000   0.000 +-  0.000     0.000 1.000
L1_SingleIsoEG30                                                           12.761           0     0.000 +-  0.000   0.000 +-  0.000     0.000 1.000
L1_SingleIsoEG32                                                           11.745           1    11.745 +-  0.466   0.037 +-  0.026     0.900 1.000
L1_SingleIsoEG34                                                           10.526           1    10.526 +-  0.441   0.000 +-  0.000     0.619 1.000
L1_SingleIsoEG35                                                            9.898           1     9.898 +-  0.428   0.000 +-  0.000     0.548 1.000
L1_SingleIsoEG36                                                            9.584           1     9.584 +-  0.421   0.000 +-  0.000     0.512 1.000
L1_SingleIsoEG37                                                            9.307           1     9.307 +-  0.415   0.000 +-  0.000     0.486 1.000
L1_SingleIsoEG38                                                            9.030           1     9.030 +-  0.408   0.000 +-  0.000     0.459 1.000
L1_SingleIsoEG40                                                            8.107           1     8.107 +-  0.387   0.000 +-  0.000     0.401 1.000
L1_SingleIsoEG18er2p1                                                      17.821           0     0.000 +-  0.000   0.000 +-  0.000     0.000 1.000
L1_SingleIsoEG20er2p1                                                      15.180           0     0.000 +-  0.000   0.000 +-  0.000     0.000 1.000
L1_SingleIsoEG22er2p1                                                      13.832           0     0.000 +-  0.000   0.000 +-  0.000     0.000 1.000
L1_SingleIsoEG24er2p1                                                      12.853           0     0.000 +-  0.000   0.000 +-  0.000     0.000 1.000
L1_SingleIsoEG26er2p1                                                      12.225           0     0.000 +-  0.000   0.000 +-  0.000     0.000 1.000
L1_SingleIsoEG28er2p1                                                      10.951         190     0.055 +-  0.032   0.000 +-  0.000     0.013 1.000
L1_SingleIsoEG30er2p1                                                      10.046           1    10.046 +-  0.431   0.351 +-  0.080     1.144 1.000
L1_SingleIsoEG32er2p1                                                       9.104           1     9.104 +-  0.410   0.000 +-  0.000     0.604 1.000
L1_SingleIsoEG33er2p1                                                       8.643           1     8.643 +-  0.400   0.000 +-  0.000     0.485 1.000
L1_SingleIsoEG34er2p1                                                       8.052           1     8.052 +-  0.386   0.000 +-  0.000     0.401 1.000
L1_SingleIsoEG35er2p1                                                       7.479           1     7.479 +-  0.372   0.000 +-  0.000     0.342 1.000
L1_SingleIsoEG36er2p1                                                       7.239           1     7.239 +-  0.366   0.000 +-  0.000     0.321 1.000
L1_SingleIsoEG38er2p1                                                       6.814           1     6.814 +-  0.355   0.000 +-  0.000     0.289 1.000
L1_SingleIsoEG40er2p1                                                       5.965           1     5.965 +-  0.332   0.000 +-  0.000     0.240 1.000
L1_IsoEG33_Mt40                                                             9.455           1     9.455 +-  0.418   0.000 +-  0.000     0.588 1.000
L1_IsoEG33_Mt44                                                             9.197           1     9.197 +-  0.412   0.000 +-  0.000     0.569 1.000
L1_IsoEG33_Mt48                                                             8.957           1     8.957 +-  0.407   0.000 +-  0.000     0.552 1.000
L1_DoubleEG_15_10                                                          84.007           0     0.000 +-  0.000   0.000 +-  0.000     0.000 1.000
L1_DoubleEG_18_17                                                           3.657           0     0.000 +-  0.000   0.000 +-  0.000     0.000 1.000
L1_DoubleEG_20_18                                                           2.382           0     0.000 +-  0.000   0.000 +-  0.000     0.000 1.000
L1_DoubleEG_22_10                                                          14.977           0     0.000 +-  0.000   0.000 +-  0.000     0.000 1.000
L1_DoubleEG_22_12                                                           8.292           0     0.000 +-  0.000   0.000 +-  0.000     0.000 1.000
L1_DoubleEG_22_15                                                           4.451           0     0.000 +-  0.000   0.000 +-  0.000     0.000 1.000
L1_DoubleEG_23_10                                                          12.816           0     0.000 +-  0.000   0.000 +-  0.000     0.000 1.000
L1_DoubleEG_24_17                                                           2.142           0     0.000 +-  0.000   0.000 +-  0.000     0.000 1.000
L1_DoubleEG_25_12                                                           5.799           0     0.000 +-  0.000   0.000 +-  0.000     0.000 1.000
L1_DoubleEG_25_13                                                           5.060           0     0.000 +-  0.000   0.000 +-  0.000     0.000 1.000
L1_DoubleEG_25_14                                                           4.229           1     4.229 +-  0.279   2.401 +-  0.211     2.696 1.000
L1_DoubleLooseIsoEG22er2p1                                                  0.148           1     0.148 +-  0.052   0.000 +-  0.000     0.008 1.000
L1_DoubleLooseIsoEG24er2p1                                                  0.092           1     0.092 +-  0.041   0.000 +-  0.000     0.004 1.000
L1_TripleEG_14_10_8                                                        31.487           0     0.000 +-  0.000   0.000 +-  0.000     0.000 1.000
L1_TripleEG_18_17_8                                                         1.496           0     0.000 +-  0.000   0.000 +-  0.000     0.000 1.000
L1_SingleTau20                                                          16174.721           0     0.000 +-  0.000   0.000 +-  0.000     0.000 1.000
L1_SingleTau80er2p1                                                         7.184           0     0.000 +-  0.000   0.000 +-  0.000     0.000 1.000
L1_SingleTau100er2p1                                                        3.195           0     0.000 +-  0.000   0.000 +-  0.000     0.000 1.000
L1_SingleTau120er2p1                                                        1.681           1     1.681 +-  0.176   0.018 +-  0.018     0.103 1.000
L1_SingleTau130er2p1                                                        1.256           1     1.256 +-  0.152   0.000 +-  0.000     0.049 1.000
L1_SingleTau140er2p1                                                        1.034           1     1.034 +-  0.138   0.000 +-  0.000     0.031 1.000
L1_DoubleTau50er2p1                                                         6.371           0     0.000 +-  0.000   0.000 +-  0.000     0.000 1.000
L1_DoubleTau70er2p1                                                         1.754           1     1.754 +-  0.180   0.018 +-  0.018     0.180 1.000
L1_DoubleIsoTau28er2p1                                                     12.650           0     0.000 +-  0.000   0.000 +-  0.000     0.000 1.000
L1_DoubleIsoTau30er2p1                                                     10.619           0     0.000 +-  0.000   0.000 +-  0.000     0.000 1.000
L1_DoubleIsoTau32er2p1                                                      8.698           0     0.000 +-  0.000   0.000 +-  0.000     0.000 1.000
L1_DoubleIsoTau33er2p1                                                      8.255           0     0.000 +-  0.000   0.000 +-  0.000     0.000 1.000
L1_DoubleIsoTau34er2p1                                                      7.775           1     7.775 +-  0.379   0.277 +-  0.072     1.636 1.000
L1_DoubleIsoTau35er2p1                                                      7.387           1     7.387 +-  0.369   0.000 +-  0.000     1.344 1.000
L1_DoubleIsoTau36er2p1                                                      7.073           1     7.073 +-  0.361   0.000 +-  0.000     1.229 1.000
L1_DoubleIsoTau38er2p1                                                      6.205           1     6.205 +-  0.339   0.000 +-  0.000     0.993 1.000
L1_SingleJet16                                                          19955.331           0     0.000 +-  0.000   0.000 +-  0.000     0.000 1.000
L1_SingleJet20                                                          18722.090           0     0.000 +-  0.000   0.000 +-  0.000     0.000 1.000
L1_SingleJet35                                                           9463.381      159000     0.055 +-  0.032   0.055 +-  0.032     0.055 1.000
L1_SingleJet60                                                           1154.552        1700     0.665 +-  0.111   0.609 +-  0.106     0.629 1.000
L1_SingleJet90                                                             90.803        1500     0.055 +-  0.032   0.037 +-  0.026     0.038 1.000
L1_SingleJet120                                                            19.003         350     0.037 +-  0.026   0.018 +-  0.018     0.020 1.000
L1_SingleJet140                                                             8.864           0     0.000 +-  0.000   0.000 +-  0.000     0.000 1.000
L1_SingleJet150                                                             6.187           0     0.000 +-  0.000   0.000 +-  0.000     0.000 1.000
L1_SingleJet160                                                             4.580           0     0.000 +-  0.000   0.000 +-  0.000     0.000 1.000
L1_SingleJet170                                                             3.343           0     0.000 +-  0.000   0.000 +-  0.000     0.000 1.000
L1_SingleJet180                                                             2.493           1     2.493 +-  0.215   0.018 +-  0.018     0.246 1.000
L1_SingleJet200                                                             1.681           1     1.681 +-  0.176   0.000 +-  0.000     0.114 1.000
L1_SingleJet35_FWD                                                       6021.589      103000     0.055 +-  0.032   0.055 +-  0.032     0.055 1.000
L1_SingleJet60_FWD                                                        656.067        5100     0.111 +-  0.045   0.111 +-  0.045     0.111 1.000
L1_SingleJet90_FWD                                                         28.199         250     0.111 +-  0.045   0.111 +-  0.045     0.111 1.000
L1_SingleJet120_FWD                                                         3.176          40     0.074 +-  0.037   0.018 +-  0.018     0.027 1.000
L1_SingleJet35_HFp                                                        354.534           0     0.000 +-  0.000   0.000 +-  0.000     0.000 1.000
L1_SingleJet35_HFm                                                        226.371           0     0.000 +-  0.000   0.000 +-  0.000     0.000 1.000
L1_SingleJet60_HFp                                                         27.756           0     0.000 +-  0.000   0.000 +-  0.000     0.000 1.000
L1_SingleJet60_HFm                                                         15.956           0     0.000 +-  0.000   0.000 +-  0.000     0.000 1.000
L1_DoubleJet40er2p7                                                       729.104        8400     0.074 +-  0.037   0.074 +-  0.037     0.074 1.000
L1_DoubleJet50er2p7                                                       189.917           0     0.000 +-  0.000   0.000 +-  0.000     0.000 1.000
L1_DoubleJet60er2p7                                                        69.695           0     0.000 +-  0.000   0.000 +-  0.000     0.000 1.000
L1_DoubleJet80er2p7                                                        18.966           0     0.000 +-  0.000   0.000 +-  0.000     0.000 1.000
L1_DoubleJet100er2p7                                                        7.368         170     0.037 +-  0.026   0.018 +-  0.018     0.028 1.000
L1_DoubleJet112er2p7                                                        4.432         100     0.037 +-  0.026   0.000 +-  0.000     0.002 1.000
L1_DoubleJet120er2p7                                                        3.158          70     0.037 +-  0.026   0.000 +-  0.000     0.002 1.000
L1_DoubleJet150er2p7                                                        1.016           1     1.016 +-  0.137   0.000 +-  0.000     0.074 1.000
L1_TripleJet_84_68_48_VBF                                                  15.845           0     0.000 +-  0.000   0.000 +-  0.000     0.000 1.000
L1_TripleJet_88_72_56_VBF                                                   7.886           0     0.000 +-  0.000   0.000 +-  0.000     0.000 1.000
L1_TripleJet_92_76_64_VBF                                                   4.044           0     0.000 +-  0.000   0.000 +-  0.000     0.000 1.000
L1_TripleJet_98_83_71_VBF                                                   2.438           0     0.000 +-  0.000   0.000 +-  0.000     0.000 1.000
L1_TripleJet_105_85_76_VBF                                                  1.662           1     1.662 +-  0.175   0.111 +-  0.045     0.307 1.000
L1_TripleJet_100_85_72_VBF                                                  2.142           0     0.000 +-  0.000   0.000 +-  0.000     0.000 1.000
L1_QuadJet40er2p7                                                          23.934           0     0.000 +-  0.000   0.000 +-  0.000     0.000 1.000
L1_QuadJet50er2p7                                                           3.343           0     0.000 +-  0.000   0.000 +-  0.000     0.000 1.000
L1_QuadJet60er2p7                                                           0.831           0     0.000 +-  0.000   0.000 +-  0.000     0.000 1.000
L1_HTT120er                                                               536.694       11400     0.037 +-  0.026   0.018 +-  0.018     0.020 1.000
L1_HTT160er                                                               189.141        4100     0.037 +-  0.026   0.037 +-  0.026     0.037 1.000
L1_HTT200er                                                                73.407        1600     0.037 +-  0.026   0.037 +-  0.026     0.037 1.000
L1_HTT220er                                                                46.999           0     0.000 +-  0.000   0.000 +-  0.000     0.000 1.000
L1_HTT240er                                                                30.729           0     0.000 +-  0.000   0.000 +-  0.000     0.000 1.000
L1_HTT255er                                                                22.622         500     0.037 +-  0.026   0.037 +-  0.026     0.037 1.000
L1_HTT270er                                                                16.824           0     0.000 +-  0.000   0.000 +-  0.000     0.000 1.000
L1_HTT280er                                                                14.294           0     0.000 +-  0.000   0.000 +-  0.000     0.000 1.000
L1_HTT300er                                                                 9.917           0     0.000 +-  0.000   0.000 +-  0.000     0.000 1.000
L1_HTT320er                                                                 7.424           1     7.424 +-  0.370   0.295 +-  0.074     1.331 1.000
L1_HTT340er                                                                 5.577           1     5.577 +-  0.321   0.000 +-  0.000     0.653 1.000
L1_HTT380er                                                                 3.158           1     3.158 +-  0.241   0.000 +-  0.000     0.225 1.000
L1_HTT400er                                                                 2.696           1     2.696 +-  0.223   0.000 +-  0.000     0.168 1.000
L1_HTT450er                                                                 1.699           1     1.699 +-  0.177   0.000 +-  0.000     0.081 1.000
L1_HTT500er                                                                 0.997           1     0.997 +-  0.136   0.000 +-  0.000     0.031 1.000
L1_ETM30                                                                 6401.774           0     0.000 +-  0.000   0.000 +-  0.000     0.000 1.000
L1_ETM40                                                                 2930.361           0     0.000 +-  0.000   0.000 +-  0.000     0.000 1.000
L1_ETM50                                                                 1230.139           0     0.000 +-  0.000   0.000 +-  0.000     0.000 1.000
L1_ETM60                                                                  499.483           0     0.000 +-  0.000   0.000 +-  0.000     0.000 1.000
L1_ETM70                                                                  205.134           0     0.000 +-  0.000   0.000 +-  0.000     0.000 1.000
L1_ETM75                                                                  132.115           0     0.000 +-  0.000   0.000 +-  0.000     0.000 1.000
L1_ETM80                                                                   84.986           0     0.000 +-  0.000   0.000 +-  0.000     0.000 1.000
L1_ETM85                                                                   54.977           0     0.000 +-  0.000   0.000 +-  0.000     0.000 1.000
L1_ETM90                                                                   35.993           0     0.000 +-  0.000   0.000 +-  0.000     0.000 1.000
L1_ETM95                                                                   24.284           0     0.000 +-  0.000   0.000 +-  0.000     0.000 1.000
L1_ETM100                                                                  16.325           0     0.000 +-  0.000   0.000 +-  0.000     0.000 1.000
L1_ETM105                                                                  11.210           0     0.000 +-  0.000   0.000 +-  0.000     0.000 1.000
L1_ETM110                                                                   7.886           0     0.000 +-  0.000   0.000 +-  0.000     0.000 1.000
L1_ETM115                                                                   5.282           0     0.000 +-  0.000   0.000 +-  0.000     0.000 1.000
L1_ETM120                                                                   3.786           0     0.000 +-  0.000   0.000 +-  0.000     0.000 1.000
L1_ETM150                                                                   0.923           0     0.000 +-  0.000   0.000 +-  0.000     0.000 1.000
L1_ETMHF70                                                                247.959           0     0.000 +-  0.000   0.000 +-  0.000     0.000 1.000
L1_ETMHF80                                                                101.127           0     0.000 +-  0.000   0.000 +-  0.000     0.000 1.000
L1_ETMHF90                                                                 42.345           0     0.000 +-  0.000   0.000 +-  0.000     0.000 1.000
L1_ETMHF100                                                                18.966           0     0.000 +-  0.000   0.000 +-  0.000     0.000 1.000
L1_ETMHF110                                                                 9.123           0     0.000 +-  0.000   0.000 +-  0.000     0.000 1.000
L1_ETMHF120                                                                 4.524           1     4.524 +-  0.289   1.551 +-  0.169     2.301 1.000
L1_ETMHF150                                                                 1.108           1     1.108 +-  0.143   0.000 +-  0.000     0.214 1.000
L1_SingleMuOpen_NotBptxOR                                                   0.000           0     0.000 +-  0.000   0.000 +-  0.000     0.000 1.000
L1_SingleMuOpen_NotBptxOR_3BX                                               0.000           0     0.000 +-  0.000   0.000 +-  0.000     0.000 1.000
L1_SingleJet20er2p7_NotBptxOR                                               0.000           0     0.000 +-  0.000   0.000 +-  0.000     0.000 1.000
L1_SingleJet20er2p7_NotBptxOR_3BX                                           0.000           0     0.000 +-  0.000   0.000 +-  0.000     0.000 1.000
L1_SingleJet43er2p7_NotBptxOR_3BX                                           0.000           0     0.000 +-  0.000   0.000 +-  0.000     0.000 1.000
L1_SingleJet46er2p7_NotBptxOR_3BX                                           0.000           0     0.000 +-  0.000   0.000 +-  0.000     0.000 1.000
L1_DoubleJet30_Mass_Min300_dEta_Max1p5                                      2.198           0     0.000 +-  0.000   0.000 +-  0.000     0.000 1.000
L1_DoubleJet30_Mass_Min320_dEta_Max1p5                                      1.404           0     0.000 +-  0.000   0.000 +-  0.000     0.000 1.000
L1_DoubleJet30_Mass_Min340_dEta_Max1p5                                      0.997           0     0.000 +-  0.000   0.000 +-  0.000     0.000 1.000
L1_DoubleJet30_Mass_Min360_dEta_Max1p5                                      0.757           0     0.000 +-  0.000   0.000 +-  0.000     0.000 1.000
L1_DoubleJet30_Mass_Min380_dEta_Max1p5                                      0.572           0     0.000 +-  0.000   0.000 +-  0.000     0.000 1.000
L1_DoubleJet30_Mass_Min400_dEta_Max1p5                                      0.499           1     0.499 +-  0.096   0.000 +-  0.000     0.024 1.000
L1_DoubleMu0er2_SQ_dR_Max1p4                                               15.605           0     0.000 +-  0.000   0.000 +-  0.000     0.000 1.000
L1_DoubleMu0er1p5_SQ_dR_Max1p4                                              6.851           0     0.000 +-  0.000   0.000 +-  0.000     0.000 1.000
L1_LooseIsoEG24er2p1_Jet26er2p7_dR_Min0p3                                  12.355           0     0.000 +-  0.000   0.000 +-  0.000     0.000 1.000
L1_LooseIsoEG26er2p1_Jet34er2p7_dR_Min0p3                                   7.941           0     0.000 +-  0.000   0.000 +-  0.000     0.000 1.000
L1_LooseIsoEG28er2p1_Jet34er2p7_dR_Min0p3                                   6.962           0     0.000 +-  0.000   0.000 +-  0.000     0.000 1.000
L1_LooseIsoEG30er2p1_Jet34er2p7_dR_Min0p3                                   5.983           1     5.983 +-  0.332   0.055 +-  0.032     0.666 1.000
L1_LooseIsoEG24er2p1_HTT100er                                               9.215           0     0.000 +-  0.000   0.000 +-  0.000     0.000 1.000
L1_LooseIsoEG26er2p1_HTT100er                                               8.292           0     0.000 +-  0.000   0.000 +-  0.000     0.000 1.000
L1_LooseIsoEG28er2p1_HTT100er                                               7.627           1     7.627 +-  0.375   0.572 +-  0.103     1.280 1.000
L1_LooseIsoEG24er2p1_TripleJet_26er2p7_26_26er2p7                          10.065           0     0.000 +-  0.000   0.000 +-  0.000     0.000 1.000
L1_Mu18_HTT100er                                                            1.625           0     0.000 +-  0.000   0.000 +-  0.000     0.000 1.000
L1_Mu18_Jet24er2p7                                                          9.178           0     0.000 +-  0.000   0.000 +-  0.000     0.000 1.000
L1_Mu20_EG17                                                                0.259           1     0.259 +-  0.069   0.018 +-  0.018     0.055 1.000
L1_Mu23_EG10                                                                1.163           1     1.163 +-  0.147   0.018 +-  0.018     0.330 1.000
L1_Mu23_LooseIsoEG10                                                        0.480           1     0.480 +-  0.094   0.000 +-  0.000     0.119 1.000
L1_Mu5_EG23                                                                 2.031           0     0.000 +-  0.000   0.000 +-  0.000     0.000 1.000
L1_Mu5_LooseIsoEG20                                                         1.533           0     0.000 +-  0.000   0.000 +-  0.000     0.000 1.000
L1_Mu7_EG23                                                                 0.923           1     0.923 +-  0.131   0.222 +-  0.064     0.330 1.000
L1_Mu7_LooseIsoEG20                                                         0.646           1     0.646 +-  0.109   0.148 +-  0.052     0.212 1.000
L1_Mu7_LooseIsoEG23                                                         0.480           1     0.480 +-  0.094   0.000 +-  0.000     0.059 1.000
L1_HTT250er_QuadJet_70_55_40_35_er2p5                                       9.917           0     0.000 +-  0.000   0.000 +-  0.000     0.000 1.000
L1_HTT280er_QuadJet_70_55_40_35_er2p5                                       7.165           0     0.000 +-  0.000   0.000 +-  0.000     0.000 1.000
L1_HTT300er_QuadJet_70_55_40_35_er2p5                                       5.540           0     0.000 +-  0.000   0.000 +-  0.000     0.000 1.000
L1_HTT320er_QuadJet_70_55_40_40_er2p4                                       2.881           1     2.881 +-  0.231   0.000 +-  0.000     0.314 1.000
L1_HTT320er_QuadJet_70_55_40_40_er2p5                                       3.416           1     3.416 +-  0.251   0.000 +-  0.000     0.397 1.000
L1_HTT340er_QuadJet_70_55_40_40_er2p5                                       2.678           1     2.678 +-  0.222   0.000 +-  0.000     0.244 1.000
L1_HTT320er_QuadJet_70_55_45_45_er2p5                                       2.530           1     2.530 +-  0.216   0.000 +-  0.000     0.269 1.000
L1_HTT340er_QuadJet_70_55_45_45_er2p5                                       2.031           1     2.031 +-  0.194   0.000 +-  0.000     0.171 1.000
L1_DoubleJet100er2p3_dEta_Max1p6                                            4.654           0     0.000 +-  0.000   0.000 +-  0.000     0.000 1.000
L1_DoubleJet112er2p3_dEta_Max1p6                                            2.862           1     2.862 +-  0.230   0.425 +-  0.089     0.742 1.000
L1_Mu10er2p3_Jet32er2p3_dR_Max0p4_DoubleJet32er2p3_dEta_Max1p6              2.493           0     0.000 +-  0.000   0.000 +-  0.000     0.000 1.000
L1_Mu12er2p3_Jet40er2p3_dR_Max0p4_DoubleJet40er2p3_dEta_Max1p6              1.163           1     1.163 +-  0.147   0.332 +-  0.078     0.509 1.000
L1_IsoTau40er_ETM80                                                         4.155           0     0.000 +-  0.000   0.000 +-  0.000     0.000 1.000
L1_IsoTau40er_ETM85                                                         3.195           0     0.000 +-  0.000   0.000 +-  0.000     0.000 1.000
L1_IsoTau40er_ETM90                                                         2.530           0     0.000 +-  0.000   0.000 +-  0.000     0.000 1.000
L1_IsoTau40er_ETM95                                                         1.884           0     0.000 +-  0.000   0.000 +-  0.000     0.000 1.000
L1_IsoTau40er_ETM100                                                        1.551           1     1.551 +-  0.169   0.129 +-  0.049     0.340 1.000
L1_IsoTau40er_ETM105                                                        1.219           1     1.219 +-  0.150   0.000 +-  0.000     0.151 1.000
L1_IsoTau40er_ETM110                                                        1.016           1     1.016 +-  0.137   0.000 +-  0.000     0.090 1.000
L1_IsoTau40er_ETM115                                                        0.739           1     0.739 +-  0.117   0.000 +-  0.000     0.041 1.000
L1_IsoTau40er_ETM120                                                        0.683           1     0.683 +-  0.112   0.000 +-  0.000     0.037 1.000
L1_IsoTau40er_ETMHF80                                                       3.361           0     0.000 +-  0.000   0.000 +-  0.000     0.000 1.000
L1_IsoTau40er_ETMHF90                                                       1.754           0     0.000 +-  0.000   0.000 +-  0.000     0.000 1.000
L1_IsoTau40er_ETMHF100                                                      1.163           1     1.163 +-  0.147   0.074 +-  0.037     0.204 1.000
L1_IsoTau40er_ETMHF110                                                      0.813           1     0.813 +-  0.122   0.000 +-  0.000     0.050 1.000
L1_IsoTau40er_ETMHF120                                                      0.536           1     0.536 +-  0.099   0.000 +-  0.000     0.015 1.000
L1_Mu22er2p1_IsoTau40er2p1                                                  0.222           1     0.222 +-  0.064   0.000 +-  0.000     0.017 1.000
L1_QuadJet36er2p7_IsoTau52er2p1                                             4.432         190     0.018 +-  0.018   0.018 +-  0.018     0.018 1.000
L1_ETM80_Jet60_dPhi_Min0p4                                                 49.640           0     0.000 +-  0.000   0.000 +-  0.000     0.000 1.000
L1_ETM90_Jet60_dPhi_Min0p4                                                 25.023           0     0.000 +-  0.000   0.000 +-  0.000     0.000 1.000
L1_ETM100_Jet60_dPhi_Min0p4                                                12.816           0     0.000 +-  0.000   0.000 +-  0.000     0.000 1.000
L1_ETM110_Jet60_dPhi_Min0p4                                                 6.796           0     0.000 +-  0.000   0.000 +-  0.000     0.000 1.000
L1_DoubleJet60er2p7_ETM70                                                   5.411           0     0.000 +-  0.000   0.000 +-  0.000     0.000 1.000
L1_DoubleJet60er2p7_ETM80                                                   2.622           0     0.000 +-  0.000   0.000 +-  0.000     0.000 1.000
L1_DoubleJet60er2p7_ETM90                                                   1.385           0     0.000 +-  0.000   0.000 +-  0.000     0.000 1.000
L1_DoubleJet60er2p7_ETM100                                                  0.868           0     0.000 +-  0.000   0.000 +-  0.000     0.000 1.000
L1_DoubleEG_LooseIso23_10                                                   6.777           0     0.000 +-  0.000   0.000 +-  0.000     0.000 1.000
L1_DoubleEG_LooseIso24_10                                                   5.983           0     0.000 +-  0.000   0.000 +-  0.000     0.000 1.000
L1_TripleEG_LooseIso20_10_5                                                 8.366           0     0.000 +-  0.000   0.000 +-  0.000     0.000 1.000
L1_DoubleJet_90_30_DoubleJet30_Mass_Min620                                 43.029           0     0.000 +-  0.000   0.000 +-  0.000     0.000 1.000
L1_DoubleJet_100_30_DoubleJet30_Mass_Min620                                21.958           0     0.000 +-  0.000   0.000 +-  0.000     0.000 1.000
L1_DoubleJet_100_35_DoubleJet35_Mass_Min620                                18.560           0     0.000 +-  0.000   0.000 +-  0.000     0.000 1.000
L1_DoubleJet_110_35_DoubleJet35_Mass_Min620                                11.080           0     0.000 +-  0.000   0.000 +-  0.000     0.000 1.000
L1_DoubleJet_110_40_DoubleJet40_Mass_Min620                                 8.809           0     0.000 +-  0.000   0.000 +-  0.000     0.000 1.000
L1_DoubleJet_115_35_DoubleJet35_Mass_Min620                                 8.606           0     0.000 +-  0.000   0.000 +-  0.000     0.000 1.000
L1_DoubleJet_115_40_DoubleJet40_Mass_Min620                                 6.907           1     6.907 +-  0.357   3.657 +-  0.260     4.181 1.000
L1_DoubleJet30_Mass_Min400_Mu6                                             56.085           0     0.000 +-  0.000   0.000 +-  0.000     0.000 1.000
L1_DoubleJet30_Mass_Min400_Mu10                                            13.352           0     0.000 +-  0.000   0.000 +-  0.000     0.000 1.000
L1_DoubleJet35_rmovlp_IsoTau45_Mass_Min450                                 15.365           0     0.000 +-  0.000   0.000 +-  0.000     0.000 1.000
L1_LooseIsoEG22er2p1_IsoTau26er2p1_dR_Min0p3                                2.235           1     2.235 +-  0.203   0.295 +-  0.074     0.539 1.000
L1_LooseIsoEG24er2p1_IsoTau27er2p1_dR_Min0p3                                1.865           1     1.865 +-  0.186   0.000 +-  0.000     0.235 1.000
L1_Mu18er2p1_Tau24er2p1                                                     1.921           1     1.921 +-  0.188   0.314 +-  0.076     0.681 1.000
L1_Mu22er2p1_Tau50er2p1                                                     0.185           0     0.000 +-  0.000   0.000 +-  0.000     0.000 1.000
L1_Mu22er2p1_Tau70er2p1                                                     0.037           1     0.037 +-  0.026   0.000 +-  0.000     0.002 1.000
L1_Mu18er2p1_IsoTau26er2p1                                                  0.868           1     0.868 +-  0.127   0.000 +-  0.000     0.170 1.000
L1_Mu20er2p1_IsoTau26er2p1                                                  0.665           1     0.665 +-  0.111   0.000 +-  0.000     0.092 1.000
L1_Mu20er2p1_IsoTau27er2p1                                                  0.628           1     0.628 +-  0.108   0.000 +-  0.000     0.086 1.000
L1_Mu22er2p1_IsoTau28er2p1                                                  0.462           0     0.000 +-  0.000   0.000 +-  0.000     0.000 1.000
L1_Mu22er2p1_IsoTau30er2p1                                                  0.388           0     0.000 +-  0.000   0.000 +-  0.000     0.000 1.000
L1_Mu22er2p1_IsoTau32er2p1                                                  0.295           0     0.000 +-  0.000   0.000 +-  0.000     0.000 1.000
L1_Mu22er2p1_IsoTau33er2p1                                                  0.277           0     0.000 +-  0.000   0.000 +-  0.000     0.000 1.000
L1_Mu22er2p1_IsoTau34er2p1                                                  0.259           1     0.259 +-  0.069   0.000 +-  0.000     0.022 1.000
L1_Mu22er2p1_IsoTau35er2p1                                                  0.259           1     0.259 +-  0.069   0.000 +-  0.000     0.022 1.000
L1_Mu22er2p1_IsoTau36er2p1                                                  0.240           1     0.240 +-  0.067   0.000 +-  0.000     0.019 1.000
L1_Mu22er2p1_IsoTau38er2p1                                                  0.240           1     0.240 +-  0.067   0.000 +-  0.000     0.019 1.000
L1_Mu6_HTT240er                                                             1.477           1     1.477 +-  0.165   0.074 +-  0.037     0.377 1.000
L1_Mu6_HTT250er                                                             1.348           1     1.348 +-  0.158   0.000 +-  0.000     0.298 1.000
L1_Mu15_HTT100er                                                            2.493           0     0.000 +-  0.000   0.000 +-  0.000     0.000 1.000
L1_DoubleMu3_SQ_ETMHF40_Jet60_OR_DoubleJet30                                7.904           0     0.000 +-  0.000   0.000 +-  0.000     0.000 1.000
L1_DoubleMu3_SQ_ETMHF50_Jet60_OR_DoubleJet30                                4.229           0     0.000 +-  0.000   0.000 +-  0.000     0.000 1.000
L1_DoubleMu3_SQ_ETMHF60_Jet60_OR_DoubleJet30                                2.308           1     2.308 +-  0.206   0.960 +-  0.133     1.360 1.000
L1_DoubleMu3_SQ_ETMHF70_Jet60_OR_DoubleJet30                                0.923           1     0.923 +-  0.131   0.000 +-  0.000     0.279 1.000
L1_DoubleMu3_SQ_ETMHF80_Jet60_OR_DoubleJet30                                0.369           1     0.369 +-  0.083   0.000 +-  0.000     0.077 1.000
L1_DoubleMu3_SQ_HTT100er                                                    5.633           0     0.000 +-  0.000   0.000 +-  0.000     0.000 1.000
L1_DoubleMu3_SQ_HTT200er                                                    0.923           1     0.923 +-  0.131   0.185 +-  0.058     0.362 1.000
L1_DoubleMu3_SQ_HTT220er                                                    0.572           1     0.572 +-  0.103   0.000 +-  0.000     0.139 1.000
L1_DoubleMu3_SQ_HTT240er                                                    0.425           1     0.425 +-  0.089   0.000 +-  0.000     0.079 1.000
L1_DoubleMu_15_5_SQ                                                         1.108           1     1.108 +-  0.143   0.185 +-  0.058     0.356 1.000
L1_DoubleMu_15_7_SQ                                                         0.462           1     0.462 +-  0.092   0.000 +-  0.000     0.056 1.000
L1_DoubleMu_15_7_SQ_Mass_Min4                                               0.369           1     0.369 +-  0.083   0.000 +-  0.000     0.041 1.000
L1_TripleMu3_SQ                                                             2.308           1     2.308 +-  0.206   0.425 +-  0.089     0.870 1.000
L1_DoubleEG6_HTT240er                                                      15.919           0     0.000 +-  0.000   0.000 +-  0.000     0.000 1.000
L1_DoubleEG6_HTT250er                                                      12.927           0     0.000 +-  0.000   0.000 +-  0.000     0.000 1.000
L1_DoubleEG6_HTT270er                                                       8.255           0     0.000 +-  0.000   0.000 +-  0.000     0.000 1.000
L1_DoubleEG6_HTT300er                                                       4.949           1     4.949 +-  0.302   0.591 +-  0.104     1.247 1.000
L1_DoubleEG8er2p6_HTT255er                                                  4.986           0     0.000 +-  0.000   0.000 +-  0.000     0.000 1.000
L1_DoubleEG8er2p6_HTT270er                                                  3.509           0     0.000 +-  0.000   0.000 +-  0.000     0.000 1.000
L1_DoubleEG8er2p6_HTT300er                                                  2.216           1     2.216 +-  0.202   0.000 +-  0.000     0.383 1.000
L1_ETMHF100_Jet60_OR_DoubleJet30                                           18.670           0     0.000 +-  0.000   0.000 +-  0.000     0.000 1.000
L1_ETMHF100_Jet60_OR_DiJet30woTT28                                         16.380           0     0.000 +-  0.000   0.000 +-  0.000     0.000 1.000
L1_ETMHF110_Jet60_OR_DiJet30woTT28                                          8.458           0     0.000 +-  0.000   0.000 +-  0.000     0.000 1.000
L1_ETMHF120_Jet60_OR_DiJet30woTT28                                          4.340           0     0.000 +-  0.000   0.000 +-  0.000     0.000 1.000
L1_ETMHF70_Jet90_OR_DoubleJet45_OR_TripleJet30                            184.654           0     0.000 +-  0.000   0.000 +-  0.000     0.000 1.000
L1_ETMHF80_Jet90_OR_DoubleJet45_OR_TripleJet30                             84.432           0     0.000 +-  0.000   0.000 +-  0.000     0.000 1.000
L1_ETMHF90_Jet90_OR_DoubleJet45_OR_TripleJet30                             37.969           0     0.000 +-  0.000   0.000 +-  0.000     0.000 1.000
L1_ETMHF100_Jet90_OR_DoubleJet45_OR_TripleJet30                            17.747           0     0.000 +-  0.000   0.000 +-  0.000     0.000 1.000
L1_ETMHF110_Jet90_OR_DoubleJet45_OR_TripleJet30                             8.864           0     0.000 +-  0.000   0.000 +-  0.000     0.000 1.000
L1_DoubleMu7_SQ_EG7                                                         0.757           1     0.757 +-  0.118   0.148 +-  0.052     0.280 1.000
L1_ETMHF80_HTT60er                                                         42.604           0     0.000 +-  0.000   0.000 +-  0.000     0.000 1.000
L1_ETMHF90_HTT60er                                                         19.317           0     0.000 +-  0.000   0.000 +-  0.000     0.000 1.000
L1_ETMHF100_HTT60er                                                         9.437           0     0.000 +-  0.000   0.000 +-  0.000     0.000 1.000
L1_ETMHF110_HTT60er                                                         4.894           1     4.894 +-  0.301   2.087 +-  0.196     2.737 1.000
L1_ETMHF120_HTT60er                                                         2.345           1     2.345 +-  0.208   0.000 +-  0.000     0.562 1.000
L1_Mu3_Jet30er2p5                                                         604.525       11000     0.037 +-  0.026   0.018 +-  0.018     0.028 1.000
L1_DoubleMu0er1p5_SQ_OS_dR_Max1p4                                           3.029           1     3.029 +-  0.236   0.295 +-  0.074     1.074 1.000
L1_DoubleMu4p5er2p0_SQ_OS_Mass7to18                                         1.958           1     1.958 +-  0.190   0.425 +-  0.089     0.889 1.000
L1_DoubleMu4_SQ_OS_dR_Max1p2                                                3.804           1     3.804 +-  0.265   0.480 +-  0.094     1.373 1.000
L1_DoubleMu5_SQ_OS_Mass7to18                                                1.551           1     1.551 +-  0.169   0.166 +-  0.055     0.590 1.000
L1_DoubleMu_20_2_SQ_Mass_Max20                                              0.591           1     0.591 +-  0.104   0.148 +-  0.052     0.250 1.000
L1_DoubleMu4_OS_EG12                                                        1.237           1     1.237 +-  0.151   0.314 +-  0.076     0.571 1.000
L1_DoubleMu0er1p4_SQ_OS_dR_Max1p4                                           2.364           1     2.364 +-  0.209   0.000 +-  0.000     0.680 1.000
L1_DoubleMu4p5_SQ_OS_dR_Max1p2                                              2.235           1     2.235 +-  0.203   0.000 +-  0.000     0.574 1.000
L1_DoubleMu5_OS_EG12                                                        0.517           1     0.517 +-  0.098   0.000 +-  0.000     0.118 1.000
L1_DoubleMu6_SQ_OS                                                          2.050           0     0.000 +-  0.000   0.000 +-  0.000     0.000 1.000
L1_TripleMu_5_3p5_2p5_DoubleMu_5_2p5_OS_Mass_5to17                          1.348           1     1.348 +-  0.158   0.000 +-  0.000     0.257 1.000
L1_TripleMu_5_4_2p5_DoubleMu_5_2p5_OS_Mass_5to17                            1.219           1     1.219 +-  0.150   0.000 +-  0.000     0.213 1.000
L1_TripleMu_5SQ_3SQ_0OQ_DoubleMu_5_3_SQ_OS_Mass_Max9                        1.644           1     1.644 +-  0.174   0.055 +-  0.032     0.396 1.000
L1_TripleMu_5SQ_3SQ_0_DoubleMu_5_3_SQ_OS_Mass_Max9                          1.385           1     1.385 +-  0.160   0.000 +-  0.000     0.281 1.000
L1_DoubleMu8_SQ                                                             0.905           1     0.905 +-  0.129   0.240 +-  0.067     0.367 1.000
L1_DoubleMu0_SQ                                                           139.114         430     0.314 +-  0.076   0.277 +-  0.072     0.289 1.000
L1_DoubleMu0_SQ_OS                                                         71.579           0     0.000 +-  0.000   0.000 +-  0.000     0.000 1.000
L1_DoubleMu4p5_SQ                                                          12.761          80     0.148 +-  0.052   0.092 +-  0.041     0.114 1.000
L1_DoubleMu4p5_SQ_OS                                                        6.390           0     0.000 +-  0.000   0.000 +-  0.000     0.000 1.000
L1_DoubleMu4p5er2p0_SQ_OS                                                   4.469           0     0.000 +-  0.000   0.000 +-  0.000     0.000 1.000
L1_DoubleMu0er1p5_SQ_OS                                                     7.479           0     0.000 +-  0.000   0.000 +-  0.000     0.000 1.000
L1_DoubleMu4_SQ_OS                                                         11.450           0     0.000 +-  0.000   0.000 +-  0.000     0.000 1.000
L1_DoubleMu5_SQ_OS                                                          4.081           0     0.000 +-  0.000   0.000 +-  0.000     0.000 1.000
L1_TripleMu_5_3p5_2p5                                                       2.899          55     0.037 +-  0.026   0.000 +-  0.000     0.004 1.000
L1_TripleMu0_OQ                                                            41.071        1300     0.018 +-  0.018   0.018 +-  0.018     0.018 1.000
L1_TripleMu_5SQ_3SQ_0OQ                                                     5.817          40     0.129 +-  0.049   0.018 +-  0.018     0.048 1.000
L1_DoubleMu5Upsilon_OS_DoubleEG3                                            0.720           1     0.720 +-  0.115   0.037 +-  0.026     0.192 1.000
L1_DoubleMu3_OS_DoubleEG7p5Upsilon                                          0.388           1     0.388 +-  0.085   0.148 +-  0.052     0.206 1.000
L1_TripleMu_5OQ_3p5OQ_2p5OQ_DoubleMu_5_2p5_OQ_OS_Mass_8to14                 1.071           1     1.071 +-  0.141   0.406 +-  0.087     0.544 1.000
L1_TripleMu_5OQ_3p5OQ_2p5OQ_DoubleMu_5_2p5_OQ_OS_Mass_5to17                 1.810           0     0.000 +-  0.000   0.000 +-  0.000     0.000 1.000
L1_Mu6_DoubleEG17                                                           0.018           1     0.018 +-  0.018   0.000 +-  0.000     0.000 1.000
L1_DoubleMu7_EG7                                                            0.942           0     0.000 +-  0.000   0.000 +-  0.000     0.000 1.000
L1_IsolatedBunch                                                            0.000         110     0.000 +-  0.000   0.000 +-  0.000     0.000 1.000
L1_FirstBunchInTrain                                                     2622.253      269167     0.000 +-  0.000   0.000 +-  0.000     0.000 1.000
L1_FirstBunchAfterTrain                                                     0.000      269167     0.000 +-  0.000   0.000 +-  0.000     0.000 1.000
L1_Mu5_EG15                                                                13.703           0     0.000 +-  0.000   0.000 +-  0.000     0.000 1.000
L1_Mu5_EG20                                                                 3.398           0     0.000 +-  0.000   0.000 +-  0.000     0.000 1.000
L1_Mu5_LooseIsoEG18                                                         2.161           0     0.000 +-  0.000   0.000 +-  0.000     0.000 1.000
L1_Mu12_EG10                                                                5.522           0     0.000 +-  0.000   0.000 +-  0.000     0.000 1.000
L1_Mu20_EG10                                                                1.459           0     0.000 +-  0.000   0.000 +-  0.000     0.000 1.000
L1_MU20_EG15                                                                0.480           0     0.000 +-  0.000   0.000 +-  0.000     0.000 1.000
L1_Mu20_LooseIsoEG6                                                         2.862           0     0.000 +-  0.000   0.000 +-  0.000     0.000 1.000
L1_Mu6_HTT200er                                                             2.936           0     0.000 +-  0.000   0.000 +-  0.000     0.000 1.000
L1_Mu8_HTT150er                                                             4.081           0     0.000 +-  0.000   0.000 +-  0.000     0.000 1.000
L1_EG25er2p1_HTT125er                                                      12.392           0     0.000 +-  0.000   0.000 +-  0.000     0.000 1.000
L1_EG27er2p1_HTT200er                                                       4.118           0     0.000 +-  0.000   0.000 +-  0.000     0.000 1.000
L1_DoubleJet60er2p7_ETM60                                                   9.806           0     0.000 +-  0.000   0.000 +-  0.000     0.000 1.000
L1_QuadJet36er2p7_Tau52                                                     6.334           0     0.000 +-  0.000   0.000 +-  0.000     0.000 1.000
L1_ETM75_Jet60_dPhi_Min0p4                                                 69.234           0     0.000 +-  0.000   0.000 +-  0.000     0.000 1.000
L1_DoubleMu0_ETM40                                                         51.764           0     0.000 +-  0.000   0.000 +-  0.000     0.000 1.000
L1_DoubleMu0_ETM55                                                         15.660           0     0.000 +-  0.000   0.000 +-  0.000     0.000 1.000
L1_DoubleMu0_ETM60                                                         10.711           0     0.000 +-  0.000   0.000 +-  0.000     0.000 1.000
L1_DoubleMu0_ETM65                                                          7.276           0     0.000 +-  0.000   0.000 +-  0.000     0.000 1.000
L1_DoubleMu0_ETM70                                                          4.506           0     0.000 +-  0.000   0.000 +-  0.000     0.000 1.000
L1_DoubleEG6_HTT255er                                                      11.394           0     0.000 +-  0.000   0.000 +-  0.000     0.000 1.000
L1_DoubleMu0er1p4_dEta_Max1p8_OS                                            5.799           0     0.000 +-  0.000   0.000 +-  0.000     0.000 1.000
L1_DoubleMu_10_0_dEta_Max1p8                                                8.347           0     0.000 +-  0.000   0.000 +-  0.000     0.000 1.000
L1_Mu6_DoubleEG10                                                           3.324           0     0.000 +-  0.000   0.000 +-  0.000     0.000 1.000
L1_Mu3_Jet16er2p7_dEta_Max0p4_dPhi_Max0p4                                 104.820         360     0.277 +-  0.072   0.259 +-  0.069     0.265 1.000
L1_Mu3_Jet60er2p7_dEta_Max0p4_dPhi_Max0p4                                   5.836          60     0.092 +-  0.041   0.074 +-  0.037     0.078 1.000
L1_Mu3_Jet120er2p7_dEta_Max0p4_dPhi_Max0p4                                  0.443           1     0.443 +-  0.090   0.055 +-  0.032     0.097 1.000
L1_SingleEG2_BptxAND                                                    20566.264           0     0.000 +-  0.000   0.000 +-  0.000     0.000 1.000
L1_SingleJet12_BptxAND                                                  20561.019           0     0.000 +-  0.000   0.000 +-  0.000     0.000 1.000
L1_ETT40_BptxAND                                                        20984.103           0     0.000 +-  0.000   0.000 +-  0.000     0.000 1.000
L1_ETT50_BptxAND                                                        20984.103           0     0.000 +-  0.000   0.000 +-  0.000     0.000 1.000
L1_ETT60_BptxAND                                                        20984.103           0     0.000 +-  0.000   0.000 +-  0.000     0.000 1.000
L1_ETT70_BptxAND                                                        20984.103           0     0.000 +-  0.000   0.000 +-  0.000     0.000 1.000
L1_ETT75_BptxAND                                                        20984.103           0     0.000 +-  0.000   0.000 +-  0.000     0.000 1.000
L1_ETT80_BptxAND                                                        20984.103           0     0.000 +-  0.000   0.000 +-  0.000     0.000 1.000
L1_ETT85_BptxAND                                                        20984.103           0     0.000 +-  0.000   0.000 +-  0.000     0.000 1.000
L1_ETT90_BptxAND                                                        20984.066           0     0.000 +-  0.000   0.000 +-  0.000     0.000 1.000
L1_ETT95_BptxAND                                                        20984.048           0     0.000 +-  0.000   0.000 +-  0.000     0.000 1.000
L1_ETT100_BptxAND                                                       20983.937           0     0.000 +-  0.000   0.000 +-  0.000     0.000 1.000
L1_ETT110_BptxAND                                                       20983.549           0     0.000 +-  0.000   0.000 +-  0.000     0.000 1.000
L1_MinimumBiasHF0_AND_BptxAND                                           20984.103           0     0.000 +-  0.000   0.000 +-  0.000     0.000 1.000
L1_MinimumBiasHF0_OR_BptxAND                                            20984.103           0     0.000 +-  0.000   0.000 +-  0.000     0.000 1.000
L1_Mu10er2p1_ETM30                                                         16.159           0     0.000 +-  0.000   0.000 +-  0.000     0.000 1.000
L1_Mu14er2p1_ETM30                                                          6.445           0     0.000 +-  0.000   0.000 +-  0.000     0.000 1.000
L1_AlwaysTrue                                                           20984.103           0     0.000 +-  0.000   0.000 +-  0.000     0.000 1.000
L1_NotBptxOR                                                                0.000           0     0.000 +-  0.000   0.000 +-  0.000     0.000 1.000
L1_BptxXOR                                                                  0.000           0     0.000 +-  0.000   0.000 +-  0.000     0.000 1.000
L1_ZeroBias_copy                                                        20984.103           0     0.000 +-  0.000   0.000 +-  0.000     0.000 1.000
L1_BPTX_BeamGas_Ref1_VME                                                18361.850           0     0.000 +-  0.000   0.000 +-  0.000     0.000 1.000
L1_BPTX_BeamGas_Ref2_VME                                                18350.511           0     0.000 +-  0.000   0.000 +-  0.000     0.000 1.000
L1_BPTX_BeamGas_B1_VME                                                     24.488           0     0.000 +-  0.000   0.000 +-  0.000     0.000 1.000
L1_BPTX_BeamGas_B2_VME                                                     26.925           0     0.000 +-  0.000   0.000 +-  0.000     0.000 1.000
L1_ZeroBias                                                             20984.103       12457     1.681 +-  0.176   1.681 +-  0.176     1.681 1.000
L1_BptxPlus                                                             20984.103           0     0.000 +-  0.000   0.000 +-  0.000     0.000 1.000
L1_BptxMinus                                                            20984.103           0     0.000 +-  0.000   0.000 +-  0.000     0.000 1.000
L1_BptxOR                                                               20984.103           0     0.000 +-  0.000   0.000 +-  0.000     0.000 1.000
L1_BPTX_AND_Ref1_VME                                                    18350.511           0     0.000 +-  0.000   0.000 +-  0.000     0.000 1.000
L1_UnpairedBunchBptxPlus                                                    0.000           0     0.000 +-  0.000   0.000 +-  0.000     0.000 1.000
L1_UnpairedBunchBptxMinus                                                   0.000           0     0.000 +-  0.000   0.000 +-  0.000     0.000 1.000
L1_BPTX_NotOR_VME                                                           0.000           0     0.000 +-  0.000   0.000 +-  0.000     0.000 1.000
L1_BPTX_AND_Ref3_VME                                                    20984.103           0     0.000 +-  0.000   0.000 +-  0.000     0.000 1.000
L1_BPTX_OR_Ref3_VME                                                     20984.103           0     0.000 +-  0.000   0.000 +-  0.000     0.000 1.000
L1_BPTX_RefAND_VME                                                      20984.103           0     0.000 +-  0.000   0.000 +-  0.000     0.000 1.000
L1_FirstCollisionInOrbit                                                   11.339        1103     0.000 +-  0.000   0.000 +-  0.000     0.000 1.000
L1_BPTX_AND_Ref4_VME                                                    20984.103           0     0.000 +-  0.000   0.000 +-  0.000     0.000 1.000
L1_BPTX_OR_Ref4_VME                                                     18350.511           0     0.000 +-  0.000   0.000 +-  0.000     0.000 1.000
L1_LastCollisionInTrain                                                  2622.124      269167     0.000 +-  0.000   0.000 +-  0.000     0.000 1.000
L1_FirstCollisionInTrain                                                 2633.592      269167     0.000 +-  0.000   0.000 +-  0.000     0.000 1.000
L1_CDC_SingleMu_3_er1p2_TOP120_DPHI2p618_3p142                              0.259         190     0.000 +-  0.000   0.000 +-  0.000     0.000 1.000
total [kHz]: 69.030 +- 1.129
unique [kHz]: 25.411
proportional [kHz]: 69.030
