seed name                                                             unprescaled    prescale           prescaled            unique proportional weight
L1_SingleMuCosmics                                                       3524.651           0     0.000 +-  0.000   0.000 +-  0.000     0.000 1.000
L1_SingleMuOpen                                                          3524.445       63000     0.041 +-  0.029   0.041 +-  0.029     0.041 1.000
L1_SingleMuCosmics_BMTF                                                   232.787           0     0.000 +-  0.000   0.000 +-  0.000     0.000 1.000
L1_SingleMuCosmics_OMTF                                                   280.091           0     0.000 +-  0.000   0.000 +-  0.000     0.000 1.000
L1_SingleMuCosmics_EMTF                                                  3100.062           0     0.000 +-  0.000   0.000 +-  0.000     0.000 1.000
L1_SingleMu0_BMTF                                                         232.787           0     0.000 +-  0.000   0.000 +-  0.000     0.000 1.000
L1_SingleMu0_OMTF                                                         154.897           0     0.000 +-  0.000   0.000 +-  0.000     0.000 1.000
L1_SingleMu0_EMTF                                                        1823.650           0     0.000 +-  0.000   0.000 +-  0.000     0.000 1.000
L1_SingleMu3                                                             1277.642       22000     0.041 +-  0.029   0.041 +-  0.029     0.041 1.000
L1_SingleMu5                                                              386.474        1700     0.226 +-  0.068   0.205 +-  0.065     0.212 1.000
L1_SingleMu7                                                              155.246         670     0.226 +-  0.068   0.205 +-  0.065     0.215 1.000
L1_SingleMu10_LowQ                                                         68.802        1300     0.041 +-  0.029   0.041 +-  0.029     0.041 1.000
L1_SingleMu11_LowQ                                                         53.274           0     0.000 +-  0.000   0.000 +-  0.000     0.000 1.000
L1_SingleMu12_LowQ_BMTF                                                     7.631           0     0.000 +-  0.000   0.000 +-  0.000     0.000 1.000
L1_SingleMu12_LowQ_OMTF                                                     9.149           0     0.000 +-  0.000   0.000 +-  0.000     0.000 1.000
L1_SingleMu12_LowQ_EMTF                                                    27.570           0     0.000 +-  0.000   0.000 +-  0.000     0.000 1.000
L1_SingleMu16                                                              15.898           0     0.000 +-  0.000   0.000 +-  0.000     0.000 1.000
L1_SingleMu18                                                              12.575         210     0.041 +-  0.029   0.041 +-  0.029     0.041 1.000
L1_SingleMu20                                                              10.154           0     0.000 +-  0.000   0.000 +-  0.000     0.000 1.000
L1_SingleMu22                                                               8.041           0     0.000 +-  0.000   0.000 +-  0.000     0.000 1.000
L1_SingleMu22_BMTF                                                          2.195           0     0.000 +-  0.000   0.000 +-  0.000     0.000 1.000
L1_SingleMu22_OMTF                                                          2.667           0     0.000 +-  0.000   0.000 +-  0.000     0.000 1.000
L1_SingleMu22_EMTF                                                          3.221           0     0.000 +-  0.000   0.000 +-  0.000     0.000 1.000
L1_SingleMu25                                                               6.626           1     6.626 +-  0.369   1.046 +-  0.146     3.164 1.000
L1_SingleMu30                                                               4.718           1     4.718 +-  0.311   0.000 +-  0.000     1.858 1.000
L1_SingleMu14er2p1                                                         19.221           0     0.000 +-  0.000   0.000 +-  0.000     0.000 1.000
L1_SingleMu16er2p1                                                         13.580           0     0.000 +-  0.000   0.000 +-  0.000     0.000 1.000
L1_SingleMu18er2p1                                                         10.831           0     0.000 +-  0.000   0.000 +-  0.000     0.000 1.000
L1_SingleMu20er2p1                                                          8.862           0     0.000 +-  0.000   0.000 +-  0.000     0.000 1.000
L1_SingleMu22er2p1                                                          7.057           0     0.000 +-  0.000   0.000 +-  0.000     0.000 1.000
L1_DoubleMu0                                                              295.661           0     0.000 +-  0.000   0.000 +-  0.000     0.000 1.000
L1_DoubleMu_11_4                                                            4.103           0     0.000 +-  0.000   0.000 +-  0.000     0.000 1.000
L1_DoubleMu_12_5                                                            2.010           0     0.000 +-  0.000   0.000 +-  0.000     0.000 1.000
L1_DoubleMu_12_8                                                            0.923           0     0.000 +-  0.000   0.000 +-  0.000     0.000 1.000
L1_DoubleMu_13_6                                                            1.210           0     0.000 +-  0.000   0.000 +-  0.000     0.000 1.000
L1_DoubleMu_15_5                                                            1.272           0     0.000 +-  0.000   0.000 +-  0.000     0.000 1.000
L1_DoubleMu_15_7                                                            0.759           1     0.759 +-  0.125   0.164 +-  0.058     0.236 1.000
L1_DoubleMu18er2p1                                                          0.103           1     0.103 +-  0.046   0.000 +-  0.000     0.009 1.000
L1_DoubleMu22er2p1                                                          0.103           1     0.103 +-  0.046   0.000 +-  0.000     0.009 1.000
L1_TripleMu0                                                               21.847           0     0.000 +-  0.000   0.000 +-  0.000     0.000 1.000
L1_TripleMu3                                                                3.180           0     0.000 +-  0.000   0.000 +-  0.000     0.000 1.000
L1_TripleMu_4_4_4                                                           0.882           1     0.882 +-  0.135   0.000 +-  0.000     0.195 1.000
L1_TripleMu_5_0_0                                                           8.021           0     0.000 +-  0.000   0.000 +-  0.000     0.000 1.000
L1_TripleMu_5_3_3                                                           2.277           1     2.277 +-  0.216   0.144 +-  0.054     0.741 1.000
L1_TripleMu_5_5_3                                                           0.821           1     0.821 +-  0.130   0.000 +-  0.000     0.139 1.000
L1_QuadMu0                                                                  1.415           0     0.000 +-  0.000   0.000 +-  0.000     0.000 1.000
L1_SingleEG5                                                            13641.069      220000     0.062 +-  0.036   0.062 +-  0.036     0.062 1.000
L1_SingleEG10                                                            2417.496       38000     0.062 +-  0.036   0.062 +-  0.036     0.062 1.000
L1_SingleEG15                                                             547.752        2700     0.185 +-  0.062   0.144 +-  0.054     0.157 1.000
L1_SingleEG18                                                             188.929           0     0.000 +-  0.000   0.000 +-  0.000     0.000 1.000
L1_SingleEG24                                                              58.443           0     0.000 +-  0.000   0.000 +-  0.000     0.000 1.000
L1_SingleEG26                                                              45.027         780     0.041 +-  0.029   0.000 +-  0.000     0.002 1.000
L1_SingleEG28                                                              35.160           0     0.000 +-  0.000   0.000 +-  0.000     0.000 1.000
L1_SingleEG30                                                              27.468           0     0.000 +-  0.000   0.000 +-  0.000     0.000 1.000
L1_SingleEG32                                                              21.457           0     0.000 +-  0.000   0.000 +-  0.000     0.000 1.000
L1_SingleEG34                                                              17.170           0     0.000 +-  0.000   0.000 +-  0.000     0.000 1.000
L1_SingleEG36                                                              14.031           0     0.000 +-  0.000   0.000 +-  0.000     0.000 1.000
L1_SingleEG38                                                              11.713           0     0.000 +-  0.000   0.000 +-  0.000     0.000 1.000
L1_SingleEG40                                                               9.929           1     9.929 +-  0.451   0.595 +-  0.110     1.553 1.000
L1_SingleEG42                                                               8.411           1     8.411 +-  0.415   0.000 +-  0.000     0.864 1.000
L1_SingleEG45                                                               6.441           1     6.441 +-  0.364   0.000 +-  0.000     0.414 1.000
L1_SingleEG50                                                               4.739           1     4.739 +-  0.312   0.000 +-  0.000     0.204 1.000
L1_SingleEG34er2p1                                                         10.339           0     0.000 +-  0.000   0.000 +-  0.000     0.000 1.000
L1_SingleEG36er2p1                                                          8.472           0     0.000 +-  0.000   0.000 +-  0.000     0.000 1.000
L1_SingleEG38er2p1                                                          7.200           0     0.000 +-  0.000   0.000 +-  0.000     0.000 1.000
L1_SingleIsoEG18                                                           22.626           0     0.000 +-  0.000   0.000 +-  0.000     0.000 1.000
L1_SingleIsoEG20                                                           19.631           0     0.000 +-  0.000   0.000 +-  0.000     0.000 1.000
L1_SingleIsoEG22                                                           17.436           0     0.000 +-  0.000   0.000 +-  0.000     0.000 1.000
L1_SingleIsoEG24                                                           16.247           0     0.000 +-  0.000   0.000 +-  0.000     0.000 1.000
L1_SingleIsoEG26                                                           15.159           0     0.000 +-  0.000   0.000 +-  0.000     0.000 1.000
L1_SingleIsoEG28                                                           13.683           0     0.000 +-  0.000   0.000 +-  0.000     0.000 1.000
L1_SingleIsoEG30                                                           12.493           0     0.000 +-  0.000   0.000 +-  0.000     0.000 1.000
L1_SingleIsoEG32                                                           11.488           1    11.488 +-  0.485   0.123 +-  0.050     0.961 1.000
L1_SingleIsoEG34                                                           10.154           1    10.154 +-  0.456   0.000 +-  0.000     0.583 1.000
L1_SingleIsoEG35                                                            9.641           1     9.641 +-  0.445   0.000 +-  0.000     0.520 1.000
L1_SingleIsoEG36                                                            9.170           1     9.170 +-  0.434   0.000 +-  0.000     0.469 1.000
L1_SingleIsoEG37                                                            8.944           1     8.944 +-  0.428   0.000 +-  0.000     0.451 1.000
L1_SingleIsoEG38                                                            8.452           1     8.452 +-  0.416   0.000 +-  0.000     0.418 1.000
L1_SingleIsoEG40                                                            7.734           1     7.734 +-  0.398   0.000 +-  0.000     0.369 1.000
L1_SingleIsoEG18er2p1                                                      18.442           0     0.000 +-  0.000   0.000 +-  0.000     0.000 1.000
L1_SingleIsoEG20er2p1                                                      15.713           0     0.000 +-  0.000   0.000 +-  0.000     0.000 1.000
L1_SingleIsoEG22er2p1                                                      14.072           0     0.000 +-  0.000   0.000 +-  0.000     0.000 1.000
L1_SingleIsoEG24er2p1                                                      13.067           0     0.000 +-  0.000   0.000 +-  0.000     0.000 1.000
L1_SingleIsoEG26er2p1                                                      12.165           0     0.000 +-  0.000   0.000 +-  0.000     0.000 1.000
L1_SingleIsoEG28er2p1                                                      10.872         190     0.041 +-  0.029   0.000 +-  0.000     0.002 1.000
L1_SingleIsoEG30er2p1                                                       9.826           1     9.826 +-  0.449   0.431 +-  0.094     1.221 1.000
L1_SingleIsoEG32er2p1                                                       8.944           1     8.944 +-  0.428   0.000 +-  0.000     0.621 1.000
L1_SingleIsoEG33er2p1                                                       8.287           1     8.287 +-  0.412   0.000 +-  0.000     0.452 1.000
L1_SingleIsoEG34er2p1                                                       7.775           1     7.775 +-  0.399   0.000 +-  0.000     0.382 1.000
L1_SingleIsoEG35er2p1                                                       7.303           1     7.303 +-  0.387   0.000 +-  0.000     0.330 1.000
L1_SingleIsoEG36er2p1                                                       6.954           1     6.954 +-  0.378   0.000 +-  0.000     0.303 1.000
L1_SingleIsoEG38er2p1                                                       6.277           1     6.277 +-  0.359   0.000 +-  0.000     0.257 1.000
L1_SingleIsoEG40er2p1                                                       5.682           1     5.682 +-  0.341   0.000 +-  0.000     0.222 1.000
L1_IsoEG33_Mt40                                                             9.211           1     9.211 +-  0.435   0.000 +-  0.000     0.547 1.000
L1_IsoEG33_Mt44                                                             8.841           1     8.841 +-  0.426   0.000 +-  0.000     0.514 1.000
L1_IsoEG33_Mt48                                                             8.616           1     8.616 +-  0.420   0.000 +-  0.000     0.496 1.000
L1_DoubleEG_15_10                                                          78.833           0     0.000 +-  0.000   0.000 +-  0.000     0.000 1.000
L1_DoubleEG_18_17                                                           4.308           0     0.000 +-  0.000   0.000 +-  0.000     0.000 1.000
L1_DoubleEG_20_18                                                           2.769           0     0.000 +-  0.000   0.000 +-  0.000     0.000 1.000
L1_DoubleEG_22_10                                                          15.221           0     0.000 +-  0.000   0.000 +-  0.000     0.000 1.000
L1_DoubleEG_22_12                                                           8.062           0     0.000 +-  0.000   0.000 +-  0.000     0.000 1.000
L1_DoubleEG_22_15                                                           4.903           0     0.000 +-  0.000   0.000 +-  0.000     0.000 1.000
L1_DoubleEG_23_10                                                          13.683           0     0.000 +-  0.000   0.000 +-  0.000     0.000 1.000
L1_DoubleEG_24_17                                                           2.339           0     0.000 +-  0.000   0.000 +-  0.000     0.000 1.000
L1_DoubleEG_25_12                                                           5.723           0     0.000 +-  0.000   0.000 +-  0.000     0.000 1.000
L1_DoubleEG_25_13                                                           4.903           0     0.000 +-  0.000   0.000 +-  0.000     0.000 1.000
L1_DoubleEG_25_14                                                           4.082           1     4.082 +-  0.289   1.826 +-  0.194     2.203 1.000
L1_DoubleLooseIsoEG22er2p1                                                  0.164           1     0.164 +-  0.058   0.000 +-  0.000     0.005 1.000
L1_DoubleLooseIsoEG24er2p1                                                  0.144           1     0.144 +-  0.054   0.000 +-  0.000     0.003 1.000
L1_TripleEG_14_10_8                                                        28.165           0     0.000 +-  0.000   0.000 +-  0.000     0.000 1.000
L1_TripleEG_18_17_8                                                         1.662           0     0.000 +-  0.000   0.000 +-  0.000     0.000 1.000
L1_SingleTau20                                                          16001.845           0     0.000 +-  0.000   0.000 +-  0.000     0.000 1.000
L1_SingleTau80er2p1                                                         7.713           0     0.000 +-  0.000   0.000 +-  0.000     0.000 1.000
L1_SingleTau100er2p1                                                        3.508           0     0.000 +-  0.000   0.000 +-  0.000     0.000 1.000
L1_SingleTau120er2p1                                                        1.990           1     1.990 +-  0.202   0.021 +-  0.021     0.116 1.000
L1_SingleTau130er2p1                                                        1.497           1     1.497 +-  0.175   0.000 +-  0.000     0.053 1.000
L1_SingleTau140er2p1                                                        1.313           1     1.313 +-  0.164   0.000 +-  0.000     0.038 1.000
L1_DoubleTau50er2p1                                                         6.523           0     0.000 +-  0.000   0.000 +-  0.000     0.000 1.000
L1_DoubleTau70er2p1                                                         1.908           1     1.908 +-  0.198   0.000 +-  0.000     0.160 1.000
L1_DoubleIsoTau28er2p1                                                     12.595           0     0.000 +-  0.000   0.000 +-  0.000     0.000 1.000
L1_DoubleIsoTau30er2p1                                                     10.380           0     0.000 +-  0.000   0.000 +-  0.000     0.000 1.000
L1_DoubleIsoTau32er2p1                                                      8.308           0     0.000 +-  0.000   0.000 +-  0.000     0.000 1.000
L1_DoubleIsoTau33er2p1                                                      7.898           0     0.000 +-  0.000   0.000 +-  0.000     0.000 1.000
L1_DoubleIsoTau34er2p1                                                      7.364           1     7.364 +-  0.389   0.390 +-  0.089     1.597 1.000
L1_DoubleIsoTau35er2p1                                                      6.852           1     6.852 +-  0.375   0.000 +-  0.000     1.191 1.000
L1_DoubleIsoTau36er2p1                                                      6.400           1     6.400 +-  0.362   0.000 +-  0.000     1.005 1.000
L1_DoubleIsoTau38er2p1                                                      5.703           1     5.703 +-  0.342   0.000 +-  0.000     0.814 1.000
L1_SingleJet16                                                          19941.032           0     0.000 +-  0.000   0.000 +-  0.000     0.000 1.000
L1_SingleJet20                                                          18691.637           0     0.000 +-  0.000   0.000 +-  0.000     0.000 1.000
L1_SingleJet35                                                           9663.296      159000     0.041 +-  0.029   0.041 +-  0.029     0.041 1.000
L1_SingleJet60                                                           1313.398        1700     0.759 +-  0.125   0.759 +-  0.125     0.759 1.000
L1_SingleJet90                                                            105.378        1500     0.062 +-  0.036   0.062 +-  0.036     0.062 1.000
L1_SingleJet120                                                            21.231         350     0.041 +-  0.029   0.021 +-  0.021     0.022 1.000
L1_SingleJet140                                                             9.703           0     0.000 +-  0.000   0.000 +-  0.000     0.000 1.000
L1_SingleJet150                                                             6.810           0     0.000 +-  0.000   0.000 +-  0.000     0.000 1.000
L1_SingleJet160                                                             5.128           0     0.000 +-  0.000   0.000 +-  0.000     0.000 1.000
L1_SingleJet170                                                             3.877           0     0.000 +-  0.000   0.000 +-  0.000     0.000 1.000
L1_SingleJet180                                                             3.159           1     3.159 +-  0.255   0.103 +-  0.046     0.368 1.000
L1_SingleJet200                                                             2.113           1     2.113 +-  0.208   0.000 +-  0.000     0.112 1.000
L1_SingleJet35_FWD                                                       6086.274      103000     0.041 +-  0.029   0.041 +-  0.029     0.041 1.000
L1_SingleJet60_FWD                                                        747.204        5100     0.144 +-  0.054   0.144 +-  0.054     0.144 1.000
L1_SingleJet90_FWD                                                         33.642         250     0.123 +-  0.050   0.103 +-  0.046     0.113 1.000
L1_SingleJet120_FWD                                                         4.349          40     0.103 +-  0.046   0.000 +-  0.000     0.037 1.000
L1_SingleJet35_HFp                                                        387.521           0     0.000 +-  0.000   0.000 +-  0.000     0.000 1.000
L1_SingleJet35_HFm                                                        254.942           0     0.000 +-  0.000   0.000 +-  0.000     0.000 1.000
L1_SingleJet60_HFp                                                         28.924           0     0.000 +-  0.000   0.000 +-  0.000     0.000 1.000
L1_SingleJet60_HFm                                                         18.667           0     0.000 +-  0.000   0.000 +-  0.000     0.000 1.000
L1_DoubleJet40er2p7                                                       864.706        8400     0.103 +-  0.046   0.082 +-  0.041     0.092 1.000
L1_DoubleJet50er2p7                                                       238.408           0     0.000 +-  0.000   0.000 +-  0.000     0.000 1.000
L1_DoubleJet60er2p7                                                        84.434           0     0.000 +-  0.000   0.000 +-  0.000     0.000 1.000
L1_DoubleJet80er2p7                                                        19.960           0     0.000 +-  0.000   0.000 +-  0.000     0.000 1.000
L1_DoubleJet100er2p7                                                        6.975         170     0.041 +-  0.029   0.000 +-  0.000     0.003 1.000
L1_DoubleJet112er2p7                                                        4.226         100     0.041 +-  0.029   0.000 +-  0.000     0.011 1.000
L1_DoubleJet120er2p7                                                        2.974          70     0.041 +-  0.029   0.000 +-  0.000     0.004 1.000
L1_DoubleJet150er2p7                                                        1.169           1     1.169 +-  0.155   0.000 +-  0.000     0.081 1.000
L1_TripleJet_84_68_48_VBF                                                  21.088           0     0.000 +-  0.000   0.000 +-  0.000     0.000 1.000
L1_TripleJet_88_72_56_VBF                                                  11.754           0     0.000 +-  0.000   0.000 +-  0.000     0.000 1.000
L1_TripleJet_92_76_64_VBF                                                   6.072           0     0.000 +-  0.000   0.000 +-  0.000     0.000 1.000
L1_TripleJet_98_83_71_VBF                                                   3.241           0     0.000 +-  0.000   0.000 +-  0.000     0.000 1.000
L1_TripleJet_105_85_76_VBF                                                  2.031           0     0.000 +-  0.000   0.000 +-  0.000     0.000 1.000
L1_TripleJet_100_85_72_VBF                                                  2.851           0     0.000 +-  0.000   0.000 +-  0.000     0.000 1.000
L1_QuadJet40er2p7                                                          30.216           0     0.000 +-  0.000   0.000 +-  0.000     0.000 1.000
L1_QuadJet50er2p7                                                           4.062           0     0.000 +-  0.000   0.000 +-  0.000     0.000 1.000
L1_QuadJet60er2p7                                                           1.026           0     0.000 +-  0.000   0.000 +-  0.000     0.000 1.000
L1_HTT120er                                                               649.396       11400     0.041 +-  0.029   0.021 +-  0.021     0.026 1.000
L1_HTT160er                                                               241.854        4100     0.041 +-  0.029   0.041 +-  0.029     0.041 1.000
L1_HTT200er                                                                94.834        1600     0.041 +-  0.029   0.021 +-  0.021     0.022 1.000
L1_HTT220er                                                                60.597           0     0.000 +-  0.000   0.000 +-  0.000     0.000 1.000
L1_HTT240er                                                                39.140           0     0.000 +-  0.000   0.000 +-  0.000     0.000 1.000
L1_HTT255er                                                                27.878         500     0.041 +-  0.029   0.000 +-  0.000     0.011 1.000
L1_HTT270er                                                                21.026           0     0.000 +-  0.000   0.000 +-  0.000     0.000 1.000
L1_HTT280er                                                                17.149           0     0.000 +-  0.000   0.000 +-  0.000     0.000 1.000
L1_HTT300er                                                                12.144           0     0.000 +-  0.000   0.000 +-  0.000     0.000 1.000
L1_HTT320er                                                                 8.985           1     8.985 +-  0.429   0.308 +-  0.079     1.577 1.000
L1_HTT340er                                                                 6.585           1     6.585 +-  0.368   0.000 +-  0.000     0.781 1.000
L1_HTT380er                                                                 3.754           1     3.754 +-  0.278   0.000 +-  0.000     0.278 1.000
L1_HTT400er                                                                 2.933           1     2.933 +-  0.245   0.000 +-  0.000     0.166 1.000
L1_HTT450er                                                                 1.908           1     1.908 +-  0.198   0.000 +-  0.000     0.076 1.000
L1_HTT500er                                                                 1.374           1     1.374 +-  0.168   0.000 +-  0.000     0.046 1.000
L1_ETM30                                                                 6679.422           0     0.000 +-  0.000   0.000 +-  0.000     0.000 1.000
L1_ETM40                                                                 3106.955           0     0.000 +-  0.000   0.000 +-  0.000     0.000 1.000
L1_ETM50                                                                 1322.095           0     0.000 +-  0.000   0.000 +-  0.000     0.000 1.000
L1_ETM60                                                                  537.618           0     0.000 +-  0.000   0.000 +-  0.000     0.000 1.000
L1_ETM70                                                                  221.751           0     0.000 +-  0.000   0.000 +-  0.000     0.000 1.000
L1_ETM75                                                                  143.389           0     0.000 +-  0.000   0.000 +-  0.000     0.000 1.000
L1_ETM80                                                                   94.547           0     0.000 +-  0.000   0.000 +-  0.000     0.000 1.000
L1_ETM85                                                                   62.094           0     0.000 +-  0.000   0.000 +-  0.000     0.000 1.000
L1_ETM90                                                                   41.642           0     0.000 +-  0.000   0.000 +-  0.000     0.000 1.000
L1_ETM95                                                                   27.714           0     0.000 +-  0.000   0.000 +-  0.000     0.000 1.000
L1_ETM100                                                                  19.221           0     0.000 +-  0.000   0.000 +-  0.000     0.000 1.000
L1_ETM105                                                                  13.252           0     0.000 +-  0.000   0.000 +-  0.000     0.000 1.000
L1_ETM110                                                                   9.293           1     9.293 +-  0.437   0.308 +-  0.079     2.375 1.000
L1_ETM115                                                                   6.380           1     6.380 +-  0.362   0.000 +-  0.000     1.088 1.000
L1_ETM120                                                                   4.780           1     4.780 +-  0.313   0.000 +-  0.000     0.655 1.000
L1_ETM150                                                                   1.067           1     1.067 +-  0.148   0.000 +-  0.000     0.053 1.000
L1_ETMHF70                                                                273.978           0     0.000 +-  0.000   0.000 +-  0.000     0.000 1.000
L1_ETMHF80                                                                114.383           0     0.000 +-  0.000   0.000 +-  0.000     0.000 1.000
L1_ETMHF90                                                                 49.171           0     0.000 +-  0.000   0.000 +-  0.000     0.000 1.000
L1_ETMHF100                                                                21.806           0     0.000 +-  0.000   0.000 +-  0.000     0.000 1.000
L1_ETMHF110                                                                10.216           0     0.000 +-  0.000   0.000 +-  0.000     0.000 1.000
L1_ETMHF120                                                                 4.985           1     4.985 +-  0.320   0.349 +-  0.085     1.067 1.000
L1_ETMHF150                                                                 1.128           1     1.128 +-  0.152   0.000 +-  0.000     0.084 1.000
L1_SingleMuOpen_NotBptxOR                                                   0.000          70     0.000 +-  0.000   0.000 +-  0.000     0.000 1.000
L1_SingleMuOpen_NotBptxOR_3BX                                               0.000           2     0.000 +-  0.000   0.000 +-  0.000     0.000 1.000
L1_SingleJet20er2p7_NotBptxOR                                               0.000        1700     0.000 +-  0.000   0.000 +-  0.000     0.000 1.000
L1_SingleJet20er2p7_NotBptxOR_3BX                                           0.000           0     0.000 +-  0.000   0.000 +-  0.000     0.000 1.000
L1_SingleJet43er2p7_NotBptxOR_3BX                                           0.000           1     0.000 +-  0.000   0.000 +-  0.000     0.000 1.000
L1_SingleJet46er2p7_NotBptxOR_3BX                                           0.000           1     0.000 +-  0.000   0.000 +-  0.000     0.000 1.000
L1_DoubleJet30_Mass_Min300_dEta_Max1p5                                      2.215           0     0.000 +-  0.000   0.000 +-  0.000     0.000 1.000
L1_DoubleJet30_Mass_Min320_dEta_Max1p5                                      1.641           0     0.000 +-  0.000   0.000 +-  0.000     0.000 1.000
L1_DoubleJet30_Mass_Min340_dEta_Max1p5                                      1.231           0     0.000 +-  0.000   0.000 +-  0.000     0.000 1.000
L1_DoubleJet30_Mass_Min360_dEta_Max1p5                                      1.005           0     0.000 +-  0.000   0.000 +-  0.000     0.000 1.000
L1_DoubleJet30_Mass_Min380_dEta_Max1p5                                      0.841           0     0.000 +-  0.000   0.000 +-  0.000     0.000 1.000
L1_DoubleJet30_Mass_Min400_dEta_Max1p5                                      0.677           1     0.677 +-  0.118   0.000 +-  0.000     0.029 1.000
L1_DoubleMu0er2_SQ_dR_Max1p4                                               16.431           0     0.000 +-  0.000   0.000 +-  0.000     0.000 1.000
L1_DoubleMu0er1p5_SQ_dR_Max1p4                                              7.713           0     0.000 +-  0.000   0.000 +-  0.000     0.000 1.000
L1_LooseIsoEG24er2p1_Jet26er2p7_dR_Min0p3                                  13.272           0     0.000 +-  0.000   0.000 +-  0.000     0.000 1.000
L1_LooseIsoEG26er2p1_Jet34er2p7_dR_Min0p3                                   8.985           0     0.000 +-  0.000   0.000 +-  0.000     0.000 1.000
L1_LooseIsoEG28er2p1_Jet34er2p7_dR_Min0p3                                   7.754           0     0.000 +-  0.000   0.000 +-  0.000     0.000 1.000
L1_LooseIsoEG30er2p1_Jet34er2p7_dR_Min0p3                                   6.503           1     6.503 +-  0.365   0.041 +-  0.029     0.815 1.000
L1_LooseIsoEG24er2p1_HTT100er                                              10.318           0     0.000 +-  0.000   0.000 +-  0.000     0.000 1.000
L1_LooseIsoEG26er2p1_HTT100er                                               9.334           0     0.000 +-  0.000   0.000 +-  0.000     0.000 1.000
L1_LooseIsoEG28er2p1_HTT100er                                               8.287           1     8.287 +-  0.412   0.841 +-  0.131     1.656 1.000
L1_LooseIsoEG24er2p1_TripleJet_26er2p7_26_26er2p7                          11.077           0     0.000 +-  0.000   0.000 +-  0.000     0.000 1.000
L1_Mu18_HTT100er                                                            2.298           0     0.000 +-  0.000   0.000 +-  0.000     0.000 1.000
L1_Mu18_Jet24er2p7                                                         10.277           0     0.000 +-  0.000   0.000 +-  0.000     0.000 1.000
L1_Mu20_EG17                                                                0.369           1     0.369 +-  0.087   0.000 +-  0.000     0.071 1.000
L1_Mu23_EG10                                                                1.518           1     1.518 +-  0.176   0.082 +-  0.041     0.482 1.000
L1_Mu23_LooseIsoEG10                                                        0.636           1     0.636 +-  0.114   0.000 +-  0.000     0.145 1.000
L1_Mu5_EG23                                                                 2.626           0     0.000 +-  0.000   0.000 +-  0.000     0.000 1.000
L1_Mu5_LooseIsoEG20                                                         1.949           0     0.000 +-  0.000   0.000 +-  0.000     0.000 1.000
L1_Mu7_EG23                                                                 1.292           1     1.292 +-  0.163   0.349 +-  0.085     0.532 1.000
L1_Mu7_LooseIsoEG20                                                         0.903           1     0.903 +-  0.136   0.164 +-  0.058     0.311 1.000
L1_Mu7_LooseIsoEG23                                                         0.636           1     0.636 +-  0.114   0.000 +-  0.000     0.114 1.000
L1_HTT250er_QuadJet_70_55_40_35_er2p5                                      12.800           0     0.000 +-  0.000   0.000 +-  0.000     0.000 1.000
L1_HTT280er_QuadJet_70_55_40_35_er2p5                                       9.067           0     0.000 +-  0.000   0.000 +-  0.000     0.000 1.000
L1_HTT300er_QuadJet_70_55_40_35_er2p5                                       7.098           0     0.000 +-  0.000   0.000 +-  0.000     0.000 1.000
L1_HTT320er_QuadJet_70_55_40_40_er2p4                                       3.672           1     3.672 +-  0.274   0.000 +-  0.000     0.421 1.000
L1_HTT320er_QuadJet_70_55_40_40_er2p5                                       4.595           1     4.595 +-  0.307   0.000 +-  0.000     0.572 1.000
L1_HTT340er_QuadJet_70_55_40_40_er2p5                                       3.528           1     3.528 +-  0.269   0.000 +-  0.000     0.350 1.000
L1_HTT320er_QuadJet_70_55_45_45_er2p5                                       3.426           1     3.426 +-  0.265   0.000 +-  0.000     0.386 1.000
L1_HTT340er_QuadJet_70_55_45_45_er2p5                                       2.605           1     2.605 +-  0.231   0.000 +-  0.000     0.234 1.000
L1_DoubleJet100er2p3_dEta_Max1p6                                            4.103           0     0.000 +-  0.000   0.000 +-  0.000     0.000 1.000
L1_DoubleJet112er2p3_dEta_Max1p6                                            2.646           1     2.646 +-  0.233   0.328 +-  0.082     0.614 1.000
L1_Mu10er2p3_Jet32er2p3_dR_Max0p4_DoubleJet32er2p3_dEta_Max1p6              2.728           0     0.000 +-  0.000   0.000 +-  0.000     0.000 1.000
L1_Mu12er2p3_Jet40er2p3_dR_Max0p4_DoubleJet40er2p3_dEta_Max1p6              1.046           1     1.046 +-  0.146   0.349 +-  0.085     0.495 1.000
L1_IsoTau40er_ETM80                                                         5.375           0     0.000 +-  0.000   0.000 +-  0.000     0.000 1.000
L1_IsoTau40er_ETM85                                                         4.390           0     0.000 +-  0.000   0.000 +-  0.000     0.000 1.000
L1_IsoTau40er_ETM90                                                         3.590           0     0.000 +-  0.000   0.000 +-  0.000     0.000 1.000
L1_IsoTau40er_ETM95                                                         2.790           0     0.000 +-  0.000   0.000 +-  0.000     0.000 1.000
L1_IsoTau40er_ETM100                                                        2.339           1     2.339 +-  0.219   0.082 +-  0.041     0.360 1.000
L1_IsoTau40er_ETM105                                                        2.010           1     2.010 +-  0.203   0.000 +-  0.000     0.205 1.000
L1_IsoTau40er_ETM110                                                        1.580           1     1.580 +-  0.180   0.000 +-  0.000     0.097 1.000
L1_IsoTau40er_ETM115                                                        1.272           1     1.272 +-  0.162   0.000 +-  0.000     0.059 1.000
L1_IsoTau40er_ETM120                                                        1.108           1     1.108 +-  0.151   0.000 +-  0.000     0.045 1.000
L1_IsoTau40er_ETMHF80                                                       4.041           0     0.000 +-  0.000   0.000 +-  0.000     0.000 1.000
L1_IsoTau40er_ETMHF90                                                       2.585           0     0.000 +-  0.000   0.000 +-  0.000     0.000 1.000
L1_IsoTau40er_ETMHF100                                                      1.703           1     1.703 +-  0.187   0.144 +-  0.054     0.282 1.000
L1_IsoTau40er_ETMHF110                                                      1.067           1     1.067 +-  0.148   0.000 +-  0.000     0.037 1.000
L1_IsoTau40er_ETMHF120                                                      0.841           1     0.841 +-  0.131   0.000 +-  0.000     0.025 1.000
L1_Mu22er2p1_IsoTau40er2p1                                                  0.287           1     0.287 +-  0.077   0.000 +-  0.000     0.018 1.000
L1_QuadJet36er2p7_IsoTau52er2p1                                             4.821         190     0.021 +-  0.021   0.021 +-  0.021     0.021 1.000
L1_ETM80_Jet60_dPhi_Min0p4                                                 56.597           0     0.000 +-  0.000   0.000 +-  0.000     0.000 1.000
L1_ETM90_Jet60_dPhi_Min0p4                                                 29.683           0     0.000 +-  0.000   0.000 +-  0.000     0.000 1.000
L1_ETM100_Jet60_dPhi_Min0p4                                                15.713           0     0.000 +-  0.000   0.000 +-  0.000     0.000 1.000
L1_ETM110_Jet60_dPhi_Min0p4                                                 8.082           1     8.082 +-  0.407   0.000 +-  0.000     1.776 1.000
L1_DoubleJet60er2p7_ETM70                                                   7.446           0     0.000 +-  0.000   0.000 +-  0.000     0.000 1.000
L1_DoubleJet60er2p7_ETM80                                                   4.328           0     0.000 +-  0.000   0.000 +-  0.000     0.000 1.000
L1_DoubleJet60er2p7_ETM90                                                   2.605           0     0.000 +-  0.000   0.000 +-  0.000     0.000 1.000
L1_DoubleJet60er2p7_ETM100                                                  1.559           1     1.559 +-  0.179   0.226 +-  0.068     0.415 1.000
L1_DoubleEG_LooseIso23_10                                                   6.564           0     0.000 +-  0.000   0.000 +-  0.000     0.000 1.000
L1_DoubleEG_LooseIso24_10                                                   5.908           0     0.000 +-  0.000   0.000 +-  0.000     0.000 1.000
L1_TripleEG_LooseIso20_10_5                                                 7.159           0     0.000 +-  0.000   0.000 +-  0.000     0.000 1.000
L1_DoubleJet_90_30_DoubleJet30_Mass_Min620                                 55.756           0     0.000 +-  0.000   0.000 +-  0.000     0.000 1.000
L1_DoubleJet_100_30_DoubleJet30_Mass_Min620                                28.534           0     0.000 +-  0.000   0.000 +-  0.000     0.000 1.000
L1_DoubleJet_100_35_DoubleJet35_Mass_Min620                                25.252           0     0.000 +-  0.000   0.000 +-  0.000     0.000 1.000
L1_DoubleJet_110_35_DoubleJet35_Mass_Min620                                14.442           0     0.000 +-  0.000   0.000 +-  0.000     0.000 1.000
L1_DoubleJet_110_40_DoubleJet40_Mass_Min620                                12.123           0     0.000 +-  0.000   0.000 +-  0.000     0.000 1.000
L1_DoubleJet_115_35_DoubleJet35_Mass_Min620                                11.426           0     0.000 +-  0.000   0.000 +-  0.000     0.000 1.000
L1_DoubleJet_115_40_DoubleJet40_Mass_Min620                                 9.764           1     9.764 +-  0.448   5.292 +-  0.329     6.038 1.000
L1_DoubleJet30_Mass_Min400_Mu6                                             61.356           0     0.000 +-  0.000   0.000 +-  0.000     0.000 1.000
L1_DoubleJet30_Mass_Min400_Mu10                                            14.688           0     0.000 +-  0.000   0.000 +-  0.000     0.000 1.000
L1_DoubleJet35_rmovlp_IsoTau45_Mass_Min450                                 15.939           0     0.000 +-  0.000   0.000 +-  0.000     0.000 1.000
L1_LooseIsoEG22er2p1_IsoTau26er2p1_dR_Min0p3                                2.626           1     2.626 +-  0.232   0.308 +-  0.079     0.630 1.000
L1_LooseIsoEG24er2p1_IsoTau27er2p1_dR_Min0p3                                2.133           1     2.133 +-  0.209   0.000 +-  0.000     0.279 1.000
L1_Mu18er2p1_Tau24er2p1                                                     2.072           1     2.072 +-  0.206   0.226 +-  0.068     0.641 1.000
L1_Mu22er2p1_Tau50er2p1                                                     0.226           0     0.000 +-  0.000   0.000 +-  0.000     0.000 1.000
L1_Mu22er2p1_Tau70er2p1                                                     0.103           1     0.103 +-  0.046   0.000 +-  0.000     0.009 1.000
L1_Mu18er2p1_IsoTau26er2p1                                                  1.026           1     1.026 +-  0.145   0.000 +-  0.000     0.162 1.000
L1_Mu20er2p1_IsoTau26er2p1                                                  0.923           1     0.923 +-  0.138   0.000 +-  0.000     0.120 1.000
L1_Mu20er2p1_IsoTau27er2p1                                                  0.821           1     0.821 +-  0.130   0.000 +-  0.000     0.101 1.000
L1_Mu22er2p1_IsoTau28er2p1                                                  0.554           0     0.000 +-  0.000   0.000 +-  0.000     0.000 1.000
L1_Mu22er2p1_IsoTau30er2p1                                                  0.513           0     0.000 +-  0.000   0.000 +-  0.000     0.000 1.000
L1_Mu22er2p1_IsoTau32er2p1                                                  0.431           0     0.000 +-  0.000   0.000 +-  0.000     0.000 1.000
L1_Mu22er2p1_IsoTau33er2p1                                                  0.431           0     0.000 +-  0.000   0.000 +-  0.000     0.000 1.000
L1_Mu22er2p1_IsoTau34er2p1                                                  0.410           1     0.410 +-  0.092   0.000 +-  0.000     0.032 1.000
L1_Mu22er2p1_IsoTau35er2p1                                                  0.390           1     0.390 +-  0.089   0.000 +-  0.000     0.029 1.000
L1_Mu22er2p1_IsoTau36er2p1                                                  0.349           1     0.349 +-  0.085   0.000 +-  0.000     0.024 1.000
L1_Mu22er2p1_IsoTau38er2p1                                                  0.308           1     0.308 +-  0.079   0.000 +-  0.000     0.020 1.000
L1_Mu6_HTT240er                                                             1.682           1     1.682 +-  0.186   0.123 +-  0.050     0.491 1.000
L1_Mu6_HTT250er                                                             1.395           1     1.395 +-  0.169   0.000 +-  0.000     0.323 1.000
L1_Mu15_HTT100er                                                            2.933           0     0.000 +-  0.000   0.000 +-  0.000     0.000 1.000
L1_DoubleMu3_SQ_ETMHF40_Jet60_OR_DoubleJet30                                8.287           0     0.000 +-  0.000   0.000 +-  0.000     0.000 1.000
L1_DoubleMu3_SQ_ETMHF50_Jet60_OR_DoubleJet30                                4.677           0     0.000 +-  0.000   0.000 +-  0.000     0.000 1.000
L1_DoubleMu3_SQ_ETMHF60_Jet60_OR_DoubleJet30                                2.318           1     2.318 +-  0.218   0.964 +-  0.141     1.391 1.000
L1_DoubleMu3_SQ_ETMHF70_Jet60_OR_DoubleJet30                                1.087           1     1.087 +-  0.149   0.000 +-  0.000     0.352 1.000
L1_DoubleMu3_SQ_ETMHF80_Jet60_OR_DoubleJet30                                0.554           1     0.554 +-  0.107   0.000 +-  0.000     0.131 1.000
L1_DoubleMu3_SQ_HTT100er                                                    6.646           0     0.000 +-  0.000   0.000 +-  0.000     0.000 1.000
L1_DoubleMu3_SQ_HTT200er                                                    1.128           1     1.128 +-  0.152   0.185 +-  0.062     0.406 1.000
L1_DoubleMu3_SQ_HTT220er                                                    0.780           1     0.780 +-  0.126   0.000 +-  0.000     0.169 1.000
L1_DoubleMu3_SQ_HTT240er                                                    0.533           1     0.533 +-  0.105   0.000 +-  0.000     0.087 1.000
L1_DoubleMu_15_5_SQ                                                         0.944           1     0.944 +-  0.139   0.062 +-  0.036     0.191 1.000
L1_DoubleMu_15_7_SQ                                                         0.595           1     0.595 +-  0.110   0.000 +-  0.000     0.071 1.000
L1_DoubleMu_15_7_SQ_Mass_Min4                                               0.492           1     0.492 +-  0.100   0.000 +-  0.000     0.058 1.000
L1_TripleMu3_SQ                                                             2.133           1     2.133 +-  0.209   0.451 +-  0.096     0.901 1.000
L1_DoubleEG6_HTT240er                                                      21.088           0     0.000 +-  0.000   0.000 +-  0.000     0.000 1.000
L1_DoubleEG6_HTT250er                                                      17.211           0     0.000 +-  0.000   0.000 +-  0.000     0.000 1.000
L1_DoubleEG6_HTT270er                                                      11.323           0     0.000 +-  0.000   0.000 +-  0.000     0.000 1.000
L1_DoubleEG6_HTT300er                                                       6.195           1     6.195 +-  0.356   0.718 +-  0.121     1.730 1.000
L1_DoubleEG8er2p6_HTT255er                                                  6.421           0     0.000 +-  0.000   0.000 +-  0.000     0.000 1.000
L1_DoubleEG8er2p6_HTT270er                                                  4.882           0     0.000 +-  0.000   0.000 +-  0.000     0.000 1.000
L1_DoubleEG8er2p6_HTT300er                                                  2.749           1     2.749 +-  0.237   0.000 +-  0.000     0.534 1.000
L1_ETMHF100_Jet60_OR_DoubleJet30                                           21.170           0     0.000 +-  0.000   0.000 +-  0.000     0.000 1.000
L1_ETMHF100_Jet60_OR_DiJet30woTT28                                         19.262           0     0.000 +-  0.000   0.000 +-  0.000     0.000 1.000
L1_ETMHF110_Jet60_OR_DiJet30woTT28                                          9.539           0     0.000 +-  0.000   0.000 +-  0.000     0.000 1.000
L1_ETMHF120_Jet60_OR_DiJet30woTT28                                          4.780           0     0.000 +-  0.000   0.000 +-  0.000     0.000 1.000
L1_ETMHF70_Jet90_OR_DoubleJet45_OR_TripleJet30                            198.345           0     0.000 +-  0.000   0.000 +-  0.000     0.000 1.000
L1_ETMHF80_Jet90_OR_DoubleJet45_OR_TripleJet30                             92.844           0     0.000 +-  0.000   0.000 +-  0.000     0.000 1.000
L1_ETMHF90_Jet90_OR_DoubleJet45_OR_TripleJet30                             43.140           0     0.000 +-  0.000   0.000 +-  0.000     0.000 1.000
L1_ETMHF100_Jet90_OR_DoubleJet45_OR_TripleJet30                            20.042           0     0.000 +-  0.000   0.000 +-  0.000     0.000 1.000
L1_ETMHF110_Jet90_OR_DoubleJet45_OR_TripleJet30                             9.641           0     0.000 +-  0.000   0.000 +-  0.000     0.000 1.000
L1_DoubleMu7_SQ_EG7                                                         0.841           1     0.841 +-  0.131   0.164 +-  0.058     0.311 1.000
L1_ETMHF80_HTT60er                                                         50.853           0     0.000 +-  0.000   0.000 +-  0.000     0.000 1.000
L1_ETMHF90_HTT60er                                                         23.960           0     0.000 +-  0.000   0.000 +-  0.000     0.000 1.000
L1_ETMHF100_HTT60er                                                        11.303           0     0.000 +-  0.000   0.000 +-  0.000     0.000 1.000
L1_ETMHF110_HTT60er                                                         5.682           1     5.682 +-  0.341   0.554 +-  0.107     1.519 1.000
L1_ETMHF120_HTT60er                                                         3.098           1     3.098 +-  0.252   0.000 +-  0.000     0.399 1.000
L1_Mu3_Jet30er2p5                                                         650.011       11000     0.041 +-  0.029   0.041 +-  0.029     0.041 1.000
L1_DoubleMu0er1p5_SQ_OS_dR_Max1p4                                           3.364           1     3.364 +-  0.263   0.390 +-  0.089     1.290 1.000
L1_DoubleMu4p5er2p0_SQ_OS_Mass7to18                                         1.621           1     1.621 +-  0.182   0.472 +-  0.098     0.887 1.000
L1_DoubleMu4_SQ_OS_dR_Max1p2                                                3.692           1     3.692 +-  0.275   0.492 +-  0.100     1.392 1.000
L1_DoubleMu5_SQ_OS_Mass7to18                                                1.231           1     1.231 +-  0.159   0.185 +-  0.062     0.585 1.000
L1_DoubleMu_20_2_SQ_Mass_Max20                                              0.882           1     0.882 +-  0.135   0.164 +-  0.058     0.300 1.000
L1_DoubleMu4_OS_EG12                                                        0.862           1     0.862 +-  0.133   0.349 +-  0.085     0.447 1.000
L1_DoubleMu0er1p4_SQ_OS_dR_Max1p4                                           2.667           1     2.667 +-  0.234   0.000 +-  0.000     0.780 1.000
L1_DoubleMu4p5_SQ_OS_dR_Max1p2                                              2.277           1     2.277 +-  0.216   0.000 +-  0.000     0.611 1.000
L1_DoubleMu5_OS_EG12                                                        0.246           1     0.246 +-  0.071   0.000 +-  0.000     0.044 1.000
L1_DoubleMu6_SQ_OS                                                          1.785           0     0.000 +-  0.000   0.000 +-  0.000     0.000 1.000
L1_TripleMu_5_3p5_2p5_DoubleMu_5_2p5_OS_Mass_5to17                          1.354           1     1.354 +-  0.167   0.021 +-  0.021     0.345 1.000
L1_TripleMu_5_4_2p5_DoubleMu_5_2p5_OS_Mass_5to17                            1.169           1     1.169 +-  0.155   0.000 +-  0.000     0.269 1.000
L1_TripleMu_5SQ_3SQ_0OQ_DoubleMu_5_3_SQ_OS_Mass_Max9                        1.600           1     1.600 +-  0.181   0.062 +-  0.036     0.429 1.000
L1_TripleMu_5SQ_3SQ_0_DoubleMu_5_3_SQ_OS_Mass_Max9                          1.374           1     1.374 +-  0.168   0.000 +-  0.000     0.331 1.000
L1_DoubleMu8_SQ                                                             1.169           1     1.169 +-  0.155   0.246 +-  0.071     0.429 1.000
L1_DoubleMu0_SQ                                                           143.595         430     0.328 +-  0.082   0.308 +-  0.079     0.318 1.000
L1_DoubleMu0_SQ_OS                                                         73.910           0     0.000 +-  0.000   0.000 +-  0.000     0.000 1.000
L1_DoubleMu4p5_SQ                                                          12.636          80     0.144 +-  0.054   0.062 +-  0.036     0.091 1.000
L1_DoubleMu4p5_SQ_OS                                                        5.908           0     0.000 +-  0.000   0.000 +-  0.000     0.000 1.000
L1_DoubleMu4p5er2p0_SQ_OS                                                   4.431           0     0.000 +-  0.000   0.000 +-  0.000     0.000 1.000
L1_DoubleMu0er1p5_SQ_OS                                                     7.323           0     0.000 +-  0.000   0.000 +-  0.000     0.000 1.000
L1_DoubleMu4_SQ_OS                                                         10.195           0     0.000 +-  0.000   0.000 +-  0.000     0.000 1.000
L1_DoubleMu5_SQ_OS                                                          3.549           0     0.000 +-  0.000   0.000 +-  0.000     0.000 1.000
L1_TripleMu_5_3p5_2p5                                                       3.159          55     0.041 +-  0.029   0.000 +-  0.000     0.008 1.000
L1_TripleMu0_OQ                                                            42.442        1300     0.021 +-  0.021   0.021 +-  0.021     0.021 1.000
L1_TripleMu_5SQ_3SQ_0OQ                                                     5.744          40     0.144 +-  0.054   0.041 +-  0.029     0.079 1.000
L1_DoubleMu5Upsilon_OS_DoubleEG3                                            0.656           0     0.000 +-  0.000   0.000 +-  0.000     0.000 1.000
L1_DoubleMu3_OS_DoubleEG7p5Upsilon                                          0.513           0     0.000 +-  0.000   0.000 +-  0.000     0.000 1.000
L1_TripleMu_5OQ_3p5OQ_2p5OQ_DoubleMu_5_2p5_OQ_OS_Mass_8to14                 1.026           0     0.000 +-  0.000   0.000 +-  0.000     0.000 1.000
L1_TripleMu_5OQ_3p5OQ_2p5OQ_DoubleMu_5_2p5_OQ_OS_Mass_5to17                 1.703           0     0.000 +-  0.000   0.000 +-  0.000     0.000 1.000
L1_Mu6_DoubleEG17                                                           0.226           1     0.226 +-  0.068   0.062 +-  0.036     0.099 1.000
L1_DoubleMu7_EG7                                                            0.985           0     0.000 +-  0.000   0.000 +-  0.000     0.000 1.000
L1_IsolatedBunch                                                            0.000           0     0.000 +-  0.000   0.000 +-  0.000     0.000 1.000
L1_FirstBunchInTrain                                                     2624.272           0     0.000 +-  0.000   0.000 +-  0.000     0.000 1.000
L1_FirstBunchAfterTrain                                                     0.000           0     0.000 +-  0.000   0.000 +-  0.000     0.000 1.000
L1_Mu5_EG15                                                                15.016           0     0.000 +-  0.000   0.000 +-  0.000     0.000 1.000
L1_Mu5_EG20                                                                 4.164           0     0.000 +-  0.000   0.000 +-  0.000     0.000 1.000
L1_Mu5_LooseIsoEG18                                                         2.790           0     0.000 +-  0.000   0.000 +-  0.000     0.000 1.000
L1_Mu12_EG10                                                                5.436           0     0.000 +-  0.000   0.000 +-  0.000     0.000 1.000
L1_Mu20_EG10                                                                1.908           0     0.000 +-  0.000   0.000 +-  0.000     0.000 1.000
L1_MU20_EG15                                                                0.656           0     0.000 +-  0.000   0.000 +-  0.000     0.000 1.000
L1_Mu20_LooseIsoEG6                                                         2.851           0     0.000 +-  0.000   0.000 +-  0.000     0.000 1.000
L1_Mu6_HTT200er                                                             3.405           0     0.000 +-  0.000   0.000 +-  0.000     0.000 1.000
L1_Mu8_HTT150er                                                             4.636           0     0.000 +-  0.000   0.000 +-  0.000     0.000 1.000
L1_EG25er2p1_HTT125er                                                      15.098           0     0.000 +-  0.000   0.000 +-  0.000     0.000 1.000
L1_EG27er2p1_HTT200er                                                       4.985           0     0.000 +-  0.000   0.000 +-  0.000     0.000 1.000
L1_DoubleJet60er2p7_ETM60                                                  12.493           0     0.000 +-  0.000   0.000 +-  0.000     0.000 1.000
L1_QuadJet36er2p7_Tau52                                                     7.569           0     0.000 +-  0.000   0.000 +-  0.000     0.000 1.000
L1_ETM75_Jet60_dPhi_Min0p4                                                 77.869           0     0.000 +-  0.000   0.000 +-  0.000     0.000 1.000
L1_DoubleMu0_ETM40                                                         53.786           0     0.000 +-  0.000   0.000 +-  0.000     0.000 1.000
L1_DoubleMu0_ETM55                                                         16.226           0     0.000 +-  0.000   0.000 +-  0.000     0.000 1.000
L1_DoubleMu0_ETM60                                                         10.790           0     0.000 +-  0.000   0.000 +-  0.000     0.000 1.000
L1_DoubleMu0_ETM65                                                          7.221           0     0.000 +-  0.000   0.000 +-  0.000     0.000 1.000
L1_DoubleMu0_ETM70                                                          4.944           0     0.000 +-  0.000   0.000 +-  0.000     0.000 1.000
L1_DoubleEG6_HTT255er                                                      15.262           0     0.000 +-  0.000   0.000 +-  0.000     0.000 1.000
L1_DoubleMu0er1p4_dEta_Max1p8_OS                                            5.457           0     0.000 +-  0.000   0.000 +-  0.000     0.000 1.000
L1_DoubleMu_10_0_dEta_Max1p8                                                8.493           0     0.000 +-  0.000   0.000 +-  0.000     0.000 1.000
L1_Mu6_DoubleEG10                                                           3.754           0     0.000 +-  0.000   0.000 +-  0.000     0.000 1.000
L1_Mu3_Jet16er2p7_dEta_Max0p4_dPhi_Max0p4                                 113.009        2000     0.041 +-  0.029   0.041 +-  0.029     0.041 1.000
L1_Mu3_Jet60er2p7_dEta_Max0p4_dPhi_Max0p4                                   7.467          60     0.123 +-  0.050   0.103 +-  0.046     0.108 1.000
L1_Mu3_Jet120er2p7_dEta_Max0p4_dPhi_Max0p4                                  0.246           1     0.246 +-  0.071   0.021 +-  0.021     0.051 1.000
L1_SingleEG2_BptxAND                                                    20558.673           0     0.000 +-  0.000   0.000 +-  0.000     0.000 1.000
L1_SingleJet12_BptxAND                                                  20553.832           0     0.000 +-  0.000   0.000 +-  0.000     0.000 1.000
L1_ETT40_BptxAND                                                        20984.103           0     0.000 +-  0.000   0.000 +-  0.000     0.000 1.000
L1_ETT50_BptxAND                                                        20984.103           0     0.000 +-  0.000   0.000 +-  0.000     0.000 1.000
L1_ETT60_BptxAND                                                        20984.103           0     0.000 +-  0.000   0.000 +-  0.000     0.000 1.000
L1_ETT70_BptxAND                                                        20984.103           0     0.000 +-  0.000   0.000 +-  0.000     0.000 1.000
L1_ETT75_BptxAND                                                        20984.103           0     0.000 +-  0.000   0.000 +-  0.000     0.000 1.000
L1_ETT80_BptxAND                                                        20984.103           0     0.000 +-  0.000   0.000 +-  0.000     0.000 1.000
L1_ETT85_BptxAND                                                        20984.103           0     0.000 +-  0.000   0.000 +-  0.000     0.000 1.000
L1_ETT90_BptxAND                                                        20984.082           0     0.000 +-  0.000   0.000 +-  0.000     0.000 1.000
L1_ETT95_BptxAND                                                        20984.062           0     0.000 +-  0.000   0.000 +-  0.000     0.000 1.000
L1_ETT100_BptxAND                                                       20984.041           0     0.000 +-  0.000   0.000 +-  0.000     0.000 1.000
L1_ETT110_BptxAND                                                       20983.713           0     0.000 +-  0.000   0.000 +-  0.000     0.000 1.000
L1_MinimumBiasHF0_AND_BptxAND                                           20984.103           0     0.000 +-  0.000   0.000 +-  0.000     0.000 1.000
L1_MinimumBiasHF0_OR_BptxAND                                            20984.103           0     0.000 +-  0.000   0.000 +-  0.000     0.000 1.000
L1_Mu10er2p1_ETM30                                                         17.272           0     0.000 +-  0.000   0.000 +-  0.000     0.000 1.000
L1_Mu14er2p1_ETM30                                                          7.426           0     0.000 +-  0.000   0.000 +-  0.000     0.000 1.000
L1_AlwaysTrue                                                           20984.103           0     0.000 +-  0.000   0.000 +-  0.000     0.000 1.000
L1_NotBptxOR                                                                0.000           0     0.000 +-  0.000   0.000 +-  0.000     0.000 1.000
L1_BptxXOR                                                                  0.000           0     0.000 +-  0.000   0.000 +-  0.000     0.000 1.000
L1_ZeroBias_copy                                                        20984.103           0     0.000 +-  0.000   0.000 +-  0.000     0.000 1.000
L1_BPTX_BeamGas_Ref1_VME                                                18359.831           0     0.000 +-  0.000   0.000 +-  0.000     0.000 1.000
L1_BPTX_BeamGas_Ref2_VME                                                18348.467           0     0.000 +-  0.000   0.000 +-  0.000     0.000 1.000
L1_BPTX_BeamGas_B1_VME                                                     26.668           0     0.000 +-  0.000   0.000 +-  0.000     0.000 1.000
L1_BPTX_BeamGas_B2_VME                                                     28.268           0     0.000 +-  0.000   0.000 +-  0.000     0.000 1.000
L1_ZeroBias                                                             20984.103           0     0.000 +-  0.000   0.000 +-  0.000     0.000 1.000
L1_BptxPlus                                                             20984.103           0     0.000 +-  0.000   0.000 +-  0.000     0.000 1.000
L1_BptxMinus                                                            20984.103           0     0.000 +-  0.000   0.000 +-  0.000     0.000 1.000
L1_BptxOR                                                               20984.103           0     0.000 +-  0.000   0.000 +-  0.000     0.000 1.000
L1_BPTX_AND_Ref1_VME                                                    18348.467           0     0.000 +-  0.000   0.000 +-  0.000     0.000 1.000
L1_UnpairedBunchBptxPlus                                                    0.000           0     0.000 +-  0.000   0.000 +-  0.000     0.000 1.000
L1_UnpairedBunchBptxMinus                                                   0.000           0     0.000 +-  0.000   0.000 +-  0.000     0.000 1.000
L1_BPTX_NotOR_VME                                                           0.000           0     0.000 +-  0.000   0.000 +-  0.000     0.000 1.000
L1_BPTX_AND_Ref3_VME                                                    20984.103           0     0.000 +-  0.000   0.000 +-  0.000     0.000 1.000
L1_BPTX_OR_Ref3_VME                                                     20984.103           0     0.000 +-  0.000   0.000 +-  0.000     0.000 1.000
L1_BPTX_RefAND_VME                                                      20984.103           0     0.000 +-  0.000   0.000 +-  0.000     0.000 1.000
L1_FirstCollisionInOrbit                                                   11.364           0     0.000 +-  0.000   0.000 +-  0.000     0.000 1.000
L1_BPTX_AND_Ref4_VME                                                    20984.103           0     0.000 +-  0.000   0.000 +-  0.000     0.000 1.000
L1_BPTX_OR_Ref4_VME                                                     18348.467           0     0.000 +-  0.000   0.000 +-  0.000     0.000 1.000
L1_LastCollisionInTrain                                                  2619.000           0     0.000 +-  0.000   0.000 +-  0.000     0.000 1.000
L1_FirstCollisionInTrain                                                 2635.636           0     0.000 +-  0.000   0.000 +-  0.000     0.000 1.000
L1_CDC_SingleMu_3_er1p2_TOP120_DPHI2p618_3p142                              0.205         190     0.000 +-  0.000   0.000 +-  0.000     0.000 1.000
total [kHz]: 73.500 +- 1.228
unique [kHz]: 22.729
proportional [kHz]: 73.500
