seed name                                                             unprescaled    prescale           prescaled            unique proportional weight
L1_SingleMuCosmics                                                       4957.677           0     0.000 +-  0.000   0.000 +-  0.000     0.000 1.000
L1_SingleMuOpen                                                          4957.362       66000     0.000 +-  0.000   0.000 +-  0.000     0.000 1.000
L1_SingleMuCosmics_BMTF                                                   338.032           0     0.000 +-  0.000   0.000 +-  0.000     0.000 1.000
L1_SingleMuCosmics_OMTF                                                   400.310           0     0.000 +-  0.000   0.000 +-  0.000     0.000 1.000
L1_SingleMuCosmics_EMTF                                                  4397.338           0     0.000 +-  0.000   0.000 +-  0.000     0.000 1.000
L1_SingleMu0_BMTF                                                         338.032           0     0.000 +-  0.000   0.000 +-  0.000     0.000 1.000
L1_SingleMu0_OMTF                                                         222.543           0     0.000 +-  0.000   0.000 +-  0.000     0.000 1.000
L1_SingleMu0_EMTF                                                        2603.433           0     0.000 +-  0.000   0.000 +-  0.000     0.000 1.000
L1_SingleMu3                                                             1838.682       25000     0.000 +-  0.000   0.000 +-  0.000     0.000 1.000
L1_SingleMu5                                                              567.434        1900     0.236 +-  0.137   0.236 +-  0.137     0.236 1.000
L1_SingleMu7                                                              226.327         750     0.236 +-  0.137   0.236 +-  0.137     0.236 1.000
L1_SingleMu10_LowQ                                                        105.556        1400     0.000 +-  0.000   0.000 +-  0.000     0.000 1.000
L1_SingleMu11_LowQ                                                         81.907           0     0.000 +-  0.000   0.000 +-  0.000     0.000 1.000
L1_SingleMu12_LowQ_BMTF                                                     9.460           0     0.000 +-  0.000   0.000 +-  0.000     0.000 1.000
L1_SingleMu12_LowQ_OMTF                                                    14.190           0     0.000 +-  0.000   0.000 +-  0.000     0.000 1.000
L1_SingleMu12_LowQ_EMTF                                                    46.117           0     0.000 +-  0.000   0.000 +-  0.000     0.000 1.000
L1_SingleMu16                                                              23.728           0     0.000 +-  0.000   0.000 +-  0.000     0.000 1.000
L1_SingleMu18                                                              17.816         240     0.000 +-  0.000   0.000 +-  0.000     0.000 1.000
L1_SingleMu20                                                              13.874           0     0.000 +-  0.000   0.000 +-  0.000     0.000 1.000
L1_SingleMu22                                                              11.037           0     0.000 +-  0.000   0.000 +-  0.000     0.000 1.000
L1_SingleMu22_BMTF                                                          2.207           0     0.000 +-  0.000   0.000 +-  0.000     0.000 1.000
L1_SingleMu22_OMTF                                                          2.838           0     0.000 +-  0.000   0.000 +-  0.000     0.000 1.000
L1_SingleMu22_EMTF                                                          5.991           0     0.000 +-  0.000   0.000 +-  0.000     0.000 1.000
L1_SingleMu25                                                               9.145           1     9.145 +-  0.849   2.365 +-  0.432     5.684 1.000
L1_SingleMu30                                                               6.780           1     6.780 +-  0.731   0.000 +-  0.000     3.319 1.000
L1_SingleMu14er2p1                                                         26.093           0     0.000 +-  0.000   0.000 +-  0.000     0.000 1.000
L1_SingleMu16er2p1                                                         19.156           0     0.000 +-  0.000   0.000 +-  0.000     0.000 1.000
L1_SingleMu18er2p1                                                         14.032           0     0.000 +-  0.000   0.000 +-  0.000     0.000 1.000
L1_SingleMu20er2p1                                                         10.642           0     0.000 +-  0.000   0.000 +-  0.000     0.000 1.000
L1_SingleMu22er2p1                                                          8.435           0     0.000 +-  0.000   0.000 +-  0.000     0.000 1.000
L1_DoubleMu0                                                              572.164           0     0.000 +-  0.000   0.000 +-  0.000     0.000 1.000
L1_DoubleMu_11_4                                                            6.228           0     0.000 +-  0.000   0.000 +-  0.000     0.000 1.000
L1_DoubleMu_12_5                                                            3.153           0     0.000 +-  0.000   0.000 +-  0.000     0.000 1.000
L1_DoubleMu_12_8                                                            0.946           0     0.000 +-  0.000   0.000 +-  0.000     0.000 1.000
L1_DoubleMu_13_6                                                            1.813           0     0.000 +-  0.000   0.000 +-  0.000     0.000 1.000
L1_DoubleMu_15_5                                                            1.971           0     0.000 +-  0.000   0.000 +-  0.000     0.000 1.000
L1_DoubleMu_15_7                                                            0.946           1     0.946 +-  0.273   0.709 +-  0.236     0.788 1.000
L1_DoubleMu18er2p1                                                          0.000           1     0.000 +-  0.000   0.000 +-  0.000     0.000 1.000
L1_DoubleMu22er2p1                                                          0.000           1     0.000 +-  0.000   0.000 +-  0.000     0.000 1.000
L1_TripleMu0                                                               55.971           0     0.000 +-  0.000   0.000 +-  0.000     0.000 1.000
L1_TripleMu3                                                                8.514           0     0.000 +-  0.000   0.000 +-  0.000     0.000 1.000
L1_TripleMu_4_4_4                                                           2.523           0     0.000 +-  0.000   0.000 +-  0.000     0.000 1.000
L1_TripleMu_5_0_0                                                          21.285           0     0.000 +-  0.000   0.000 +-  0.000     0.000 1.000
L1_TripleMu_5_3_3                                                           5.282           0     0.000 +-  0.000   0.000 +-  0.000     0.000 1.000
L1_TripleMu_5_5_3                                                           1.971           0     0.000 +-  0.000   0.000 +-  0.000     0.000 1.000
L1_QuadMu0                                                                  4.415           0     0.000 +-  0.000   0.000 +-  0.000     0.000 1.000
L1_SingleEG5                                                            17176.272      250000     0.000 +-  0.000   0.000 +-  0.000     0.000 1.000
L1_SingleEG10                                                            4819.800       65000     0.000 +-  0.000   0.000 +-  0.000     0.000 1.000
L1_SingleEG15                                                            1210.389        5000     0.236 +-  0.137   0.236 +-  0.137     0.236 1.000
L1_SingleEG18                                                             409.612           0     0.000 +-  0.000   0.000 +-  0.000     0.000 1.000
L1_SingleEG24                                                             102.797           0     0.000 +-  0.000   0.000 +-  0.000     0.000 1.000
L1_SingleEG26                                                              80.803        1100     0.000 +-  0.000   0.000 +-  0.000     0.000 1.000
L1_SingleEG28                                                              64.721           0     0.000 +-  0.000   0.000 +-  0.000     0.000 1.000
L1_SingleEG30                                                              51.635           0     0.000 +-  0.000   0.000 +-  0.000     0.000 1.000
L1_SingleEG32                                                              40.441           0     0.000 +-  0.000   0.000 +-  0.000     0.000 1.000
L1_SingleEG34                                                              31.139           0     0.000 +-  0.000   0.000 +-  0.000     0.000 1.000
L1_SingleEG36                                                              26.724           0     0.000 +-  0.000   0.000 +-  0.000     0.000 1.000
L1_SingleEG38                                                              21.600           0     0.000 +-  0.000   0.000 +-  0.000     0.000 1.000
L1_SingleEG40                                                              18.447           1    18.447 +-  1.206   0.867 +-  0.261     2.939 1.000
L1_SingleEG42                                                              16.318           1    16.318 +-  1.134   0.000 +-  0.000     1.978 1.000
L1_SingleEG45                                                              12.850           1    12.850 +-  1.006   0.000 +-  0.000     1.023 1.000
L1_SingleEG50                                                               8.829           1     8.829 +-  0.834   0.000 +-  0.000     0.432 1.000
L1_SingleEG34er2p1                                                         17.737           0     0.000 +-  0.000   0.000 +-  0.000     0.000 1.000
L1_SingleEG36er2p1                                                         15.451           0     0.000 +-  0.000   0.000 +-  0.000     0.000 1.000
L1_SingleEG38er2p1                                                         12.771           0     0.000 +-  0.000   0.000 +-  0.000     0.000 1.000
L1_SingleIsoEG18                                                           28.222           0     0.000 +-  0.000   0.000 +-  0.000     0.000 1.000
L1_SingleIsoEG20                                                           26.645           0     0.000 +-  0.000   0.000 +-  0.000     0.000 1.000
L1_SingleIsoEG22                                                           25.384           0     0.000 +-  0.000   0.000 +-  0.000     0.000 1.000
L1_SingleIsoEG24                                                           24.280           0     0.000 +-  0.000   0.000 +-  0.000     0.000 1.000
L1_SingleIsoEG26                                                           23.492           0     0.000 +-  0.000   0.000 +-  0.000     0.000 1.000
L1_SingleIsoEG28                                                           22.625           0     0.000 +-  0.000   0.000 +-  0.000     0.000 1.000
L1_SingleIsoEG30                                                           21.837           0     0.000 +-  0.000   0.000 +-  0.000     0.000 1.000
L1_SingleIsoEG32                                                           20.181           1    20.181 +-  1.261   0.158 +-  0.111     1.657 1.000
L1_SingleIsoEG34                                                           18.447           1    18.447 +-  1.206   0.000 +-  0.000     1.116 1.000
L1_SingleIsoEG35                                                           17.895           1    17.895 +-  1.188   0.000 +-  0.000     1.052 1.000
L1_SingleIsoEG36                                                           16.870           1    16.870 +-  1.153   0.000 +-  0.000     0.945 1.000
L1_SingleIsoEG37                                                           16.003           1    16.003 +-  1.123   0.000 +-  0.000     0.874 1.000
L1_SingleIsoEG38                                                           15.136           1    15.136 +-  1.092   0.000 +-  0.000     0.809 1.000
L1_SingleIsoEG40                                                           14.190           1    14.190 +-  1.058   0.000 +-  0.000     0.729 1.000
L1_SingleIsoEG18er2p1                                                      23.571           0     0.000 +-  0.000   0.000 +-  0.000     0.000 1.000
L1_SingleIsoEG20er2p1                                                      22.310           0     0.000 +-  0.000   0.000 +-  0.000     0.000 1.000
L1_SingleIsoEG22er2p1                                                      21.206           0     0.000 +-  0.000   0.000 +-  0.000     0.000 1.000
L1_SingleIsoEG24er2p1                                                      20.260           0     0.000 +-  0.000   0.000 +-  0.000     0.000 1.000
L1_SingleIsoEG26er2p1                                                      19.550           0     0.000 +-  0.000   0.000 +-  0.000     0.000 1.000
L1_SingleIsoEG28er2p1                                                      18.762         250     0.000 +-  0.000   0.000 +-  0.000     0.000 1.000
L1_SingleIsoEG30er2p1                                                      18.053           1    18.053 +-  1.193   1.340 +-  0.325     2.655 1.000
L1_SingleIsoEG32er2p1                                                      16.476           1    16.476 +-  1.140   0.000 +-  0.000     1.209 1.000
L1_SingleIsoEG33er2p1                                                      15.766           1    15.766 +-  1.115   0.000 +-  0.000     0.986 1.000
L1_SingleIsoEG34er2p1                                                      14.899           1    14.899 +-  1.084   0.000 +-  0.000     0.826 1.000
L1_SingleIsoEG35er2p1                                                      14.347           1    14.347 +-  1.064   0.000 +-  0.000     0.763 1.000
L1_SingleIsoEG36er2p1                                                      13.401           1    13.401 +-  1.028   0.000 +-  0.000     0.668 1.000
L1_SingleIsoEG38er2p1                                                      11.667           1    11.667 +-  0.959   0.000 +-  0.000     0.533 1.000
L1_SingleIsoEG40er2p1                                                      11.115           1    11.115 +-  0.936   0.000 +-  0.000     0.496 1.000
L1_IsoEG33_Mt40                                                            16.870           1    16.870 +-  1.153   0.000 +-  0.000     1.015 1.000
L1_IsoEG33_Mt44                                                            16.712           1    16.712 +-  1.148   0.000 +-  0.000     1.007 1.000
L1_IsoEG33_Mt48                                                            16.318           1    16.318 +-  1.134   0.000 +-  0.000     0.969 1.000
L1_DoubleEG_15_10                                                         401.729           0     0.000 +-  0.000   0.000 +-  0.000     0.000 1.000
L1_DoubleEG_18_17                                                          16.949           0     0.000 +-  0.000   0.000 +-  0.000     0.000 1.000
L1_DoubleEG_20_18                                                           8.435           0     0.000 +-  0.000   0.000 +-  0.000     0.000 1.000
L1_DoubleEG_22_10                                                          45.880           0     0.000 +-  0.000   0.000 +-  0.000     0.000 1.000
L1_DoubleEG_22_12                                                          26.488           0     0.000 +-  0.000   0.000 +-  0.000     0.000 1.000
L1_DoubleEG_22_15                                                          14.663           0     0.000 +-  0.000   0.000 +-  0.000     0.000 1.000
L1_DoubleEG_23_10                                                          39.022           0     0.000 +-  0.000   0.000 +-  0.000     0.000 1.000
L1_DoubleEG_24_17                                                           5.518           1     5.518 +-  0.660   0.315 +-  0.158     2.240 1.000
L1_DoubleEG_25_12                                                          17.501           0     0.000 +-  0.000   0.000 +-  0.000     0.000 1.000
L1_DoubleEG_25_13                                                          15.451           0     0.000 +-  0.000   0.000 +-  0.000     0.000 1.000
L1_DoubleEG_25_14                                                          12.377           1    12.377 +-  0.988   5.361 +-  0.650     7.574 1.000
L1_DoubleLooseIsoEG22er2p1                                                  0.236           1     0.236 +-  0.137   0.000 +-  0.000     0.034 1.000
L1_DoubleLooseIsoEG24er2p1                                                  0.236           1     0.236 +-  0.137   0.000 +-  0.000     0.034 1.000
L1_TripleEG_14_10_8                                                       278.987           0     0.000 +-  0.000   0.000 +-  0.000     0.000 1.000
L1_TripleEG_18_17_8                                                        11.904           0     0.000 +-  0.000   0.000 +-  0.000     0.000 1.000
L1_SingleTau20                                                          19236.157           0     0.000 +-  0.000   0.000 +-  0.000     0.000 1.000
L1_SingleTau80er2p1                                                        11.982           0     0.000 +-  0.000   0.000 +-  0.000     0.000 1.000
L1_SingleTau100er2p1                                                        6.385           0     0.000 +-  0.000   0.000 +-  0.000     0.000 1.000
L1_SingleTau120er2p1                                                        3.311           1     3.311 +-  0.511   0.079 +-  0.079     0.502 1.000
L1_SingleTau130er2p1                                                        2.759           1     2.759 +-  0.466   0.000 +-  0.000     0.270 1.000
L1_SingleTau140er2p1                                                        2.050           1     2.050 +-  0.402   0.000 +-  0.000     0.114 1.000
L1_DoubleTau50er2p1                                                         9.933           0     0.000 +-  0.000   0.000 +-  0.000     0.000 1.000
L1_DoubleTau70er2p1                                                         2.838           1     2.838 +-  0.473   0.158 +-  0.111     0.479 1.000
L1_DoubleIsoTau28er2p1                                                     16.791           0     0.000 +-  0.000   0.000 +-  0.000     0.000 1.000
L1_DoubleIsoTau30er2p1                                                     14.820           0     0.000 +-  0.000   0.000 +-  0.000     0.000 1.000
L1_DoubleIsoTau32er2p1                                                     12.613           0     0.000 +-  0.000   0.000 +-  0.000     0.000 1.000
L1_DoubleIsoTau33er2p1                                                     12.140           0     0.000 +-  0.000   0.000 +-  0.000     0.000 1.000
L1_DoubleIsoTau34er2p1                                                     11.431           1    11.431 +-  0.949   0.867 +-  0.261     3.152 1.000
L1_DoubleIsoTau35er2p1                                                     10.564           1    10.564 +-  0.913   0.000 +-  0.000     2.284 1.000
L1_DoubleIsoTau36er2p1                                                      9.775           1     9.775 +-  0.878   0.000 +-  0.000     1.890 1.000
L1_DoubleIsoTau38er2p1                                                      8.987           1     8.987 +-  0.842   0.000 +-  0.000     1.663 1.000
L1_SingleJet16                                                          20860.652           0     0.000 +-  0.000   0.000 +-  0.000     0.000 1.000
L1_SingleJet20                                                          20621.790           0     0.000 +-  0.000   0.000 +-  0.000     0.000 1.000
L1_SingleJet35                                                          16222.324      220000     0.000 +-  0.000   0.000 +-  0.000     0.000 1.000
L1_SingleJet60                                                           5176.673        9000     0.552 +-  0.209   0.552 +-  0.209     0.552 1.000
L1_SingleJet90                                                            708.386        9500     0.000 +-  0.000   0.000 +-  0.000     0.000 1.000
L1_SingleJet120                                                            89.159        1200     0.000 +-  0.000   0.000 +-  0.000     0.000 1.000
L1_SingleJet140                                                            27.670           0     0.000 +-  0.000   0.000 +-  0.000     0.000 1.000
L1_SingleJet150                                                            17.501           0     0.000 +-  0.000   0.000 +-  0.000     0.000 1.000
L1_SingleJet160                                                            11.509           0     0.000 +-  0.000   0.000 +-  0.000     0.000 1.000
L1_SingleJet170                                                             8.277           0     0.000 +-  0.000   0.000 +-  0.000     0.000 1.000
L1_SingleJet180                                                             5.912           0     0.000 +-  0.000   0.000 +-  0.000     0.000 1.000
L1_SingleJet200                                                             3.942           1     3.942 +-  0.557   0.709 +-  0.236     1.177 1.000
L1_SingleJet35_FWD                                                      12982.242      175000     0.000 +-  0.000   0.000 +-  0.000     0.000 1.000
L1_SingleJet60_FWD                                                       4195.370       60000     0.000 +-  0.000   0.000 +-  0.000     0.000 1.000
L1_SingleJet90_FWD                                                        539.449        7500     0.000 +-  0.000   0.000 +-  0.000     0.000 1.000
L1_SingleJet120_FWD                                                        53.291         750     0.000 +-  0.000   0.000 +-  0.000     0.000 1.000
L1_SingleJet35_HFp                                                       1062.264           0     0.000 +-  0.000   0.000 +-  0.000     0.000 1.000
L1_SingleJet35_HFm                                                        739.761           0     0.000 +-  0.000   0.000 +-  0.000     0.000 1.000
L1_SingleJet60_HFp                                                         86.164           0     0.000 +-  0.000   0.000 +-  0.000     0.000 1.000
L1_SingleJet60_HFm                                                         57.469           0     0.000 +-  0.000   0.000 +-  0.000     0.000 1.000
L1_DoubleJet40er2p7                                                      2925.935       10000     0.236 +-  0.137   0.236 +-  0.137     0.236 1.000
L1_DoubleJet50er2p7                                                       855.408           0     0.000 +-  0.000   0.000 +-  0.000     0.000 1.000
L1_DoubleJet60er2p7                                                       265.349           0     0.000 +-  0.000   0.000 +-  0.000     0.000 1.000
L1_DoubleJet80er2p7                                                        42.175           0     0.000 +-  0.000   0.000 +-  0.000     0.000 1.000
L1_DoubleJet100er2p7                                                       12.377         170     0.000 +-  0.000   0.000 +-  0.000     0.000 1.000
L1_DoubleJet112er2p7                                                        6.385          85     0.000 +-  0.000   0.000 +-  0.000     0.000 1.000
L1_DoubleJet120er2p7                                                        4.572          60     0.000 +-  0.000   0.000 +-  0.000     0.000 1.000
L1_DoubleJet150er2p7                                                        1.655           1     1.655 +-  0.361   0.000 +-  0.000     0.176 1.000
L1_TripleJet_84_68_48_VBF                                                 155.615           0     0.000 +-  0.000   0.000 +-  0.000     0.000 1.000
L1_TripleJet_88_72_56_VBF                                                  78.044           0     0.000 +-  0.000   0.000 +-  0.000     0.000 1.000
L1_TripleJet_92_76_64_VBF                                                  36.657           0     0.000 +-  0.000   0.000 +-  0.000     0.000 1.000
L1_TripleJet_98_83_71_VBF                                                  15.609           0     0.000 +-  0.000   0.000 +-  0.000     0.000 1.000
L1_TripleJet_105_85_76_VBF                                                  9.775           0     0.000 +-  0.000   0.000 +-  0.000     0.000 1.000
L1_TripleJet_100_85_72_VBF                                                 12.771           0     0.000 +-  0.000   0.000 +-  0.000     0.000 1.000
L1_QuadJet40er2p7                                                         219.942           0     0.000 +-  0.000   0.000 +-  0.000     0.000 1.000
L1_QuadJet50er2p7                                                          25.936           0     0.000 +-  0.000   0.000 +-  0.000     0.000 1.000
L1_QuadJet60er2p7                                                           3.469           0     0.000 +-  0.000   0.000 +-  0.000     0.000 1.000
L1_HTT120er                                                              2736.029       37000     0.000 +-  0.000   0.000 +-  0.000     0.000 1.000
L1_HTT160er                                                              1275.662       18000     0.000 +-  0.000   0.000 +-  0.000     0.000 1.000
L1_HTT200er                                                               593.055        8000     0.000 +-  0.000   0.000 +-  0.000     0.000 1.000
L1_HTT220er                                                               396.684           0     0.000 +-  0.000   0.000 +-  0.000     0.000 1.000
L1_HTT240er                                                               261.881           0     0.000 +-  0.000   0.000 +-  0.000     0.000 1.000
L1_HTT255er                                                               194.637        2600     0.000 +-  0.000   0.000 +-  0.000     0.000 1.000
L1_HTT270er                                                               141.110           0     0.000 +-  0.000   0.000 +-  0.000     0.000 1.000
L1_HTT280er                                                               114.780           0     0.000 +-  0.000   0.000 +-  0.000     0.000 1.000
L1_HTT300er                                                                78.596           0     0.000 +-  0.000   0.000 +-  0.000     0.000 1.000
L1_HTT320er                                                                53.054           0     0.000 +-  0.000   0.000 +-  0.000     0.000 1.000
L1_HTT340er                                                                34.923           0     0.000 +-  0.000   0.000 +-  0.000     0.000 1.000
L1_HTT380er                                                                17.974           0     0.000 +-  0.000   0.000 +-  0.000     0.000 1.000
L1_HTT400er                                                                12.377           0     0.000 +-  0.000   0.000 +-  0.000     0.000 1.000
L1_HTT450er                                                                 5.597           0     0.000 +-  0.000   0.000 +-  0.000     0.000 1.000
L1_HTT500er                                                                 3.311           1     3.311 +-  0.511   0.788 +-  0.249     0.977 1.000
L1_ETM30                                                                10198.441           0     0.000 +-  0.000   0.000 +-  0.000     0.000 1.000
L1_ETM40                                                                 6343.153           0     0.000 +-  0.000   0.000 +-  0.000     0.000 1.000
L1_ETM50                                                                 3737.434           0     0.000 +-  0.000   0.000 +-  0.000     0.000 1.000
L1_ETM60                                                                 2183.100           0     0.000 +-  0.000   0.000 +-  0.000     0.000 1.000
L1_ETM70                                                                 1280.865           0     0.000 +-  0.000   0.000 +-  0.000     0.000 1.000
L1_ETM75                                                                  991.945           0     0.000 +-  0.000   0.000 +-  0.000     0.000 1.000
L1_ETM80                                                                  767.352           0     0.000 +-  0.000   0.000 +-  0.000     0.000 1.000
L1_ETM85                                                                  601.647           0     0.000 +-  0.000   0.000 +-  0.000     0.000 1.000
L1_ETM90                                                                  469.603           0     0.000 +-  0.000   0.000 +-  0.000     0.000 1.000
L1_ETM95                                                                  359.159           0     0.000 +-  0.000   0.000 +-  0.000     0.000 1.000
L1_ETM100                                                                 281.589           0     0.000 +-  0.000   0.000 +-  0.000     0.000 1.000
L1_ETM105                                                                 218.050           0     0.000 +-  0.000   0.000 +-  0.000     0.000 1.000
L1_ETM110                                                                 168.543           0     0.000 +-  0.000   0.000 +-  0.000     0.000 1.000
L1_ETM115                                                                 130.152           0     0.000 +-  0.000   0.000 +-  0.000     0.000 1.000
L1_ETM120                                                                 102.482           0     0.000 +-  0.000   0.000 +-  0.000     0.000 1.000
L1_ETM150                                                                  24.280           0     0.000 +-  0.000   0.000 +-  0.000     0.000 1.000
L1_ETMHF70                                                               1399.587           0     0.000 +-  0.000   0.000 +-  0.000     0.000 1.000
L1_ETMHF80                                                                830.891           0     0.000 +-  0.000   0.000 +-  0.000     0.000 1.000
L1_ETMHF90                                                                497.352           0     0.000 +-  0.000   0.000 +-  0.000     0.000 1.000
L1_ETMHF100                                                               296.094           0     0.000 +-  0.000   0.000 +-  0.000     0.000 1.000
L1_ETMHF110                                                               176.821           0     0.000 +-  0.000   0.000 +-  0.000     0.000 1.000
L1_ETMHF120                                                               107.291           0     0.000 +-  0.000   0.000 +-  0.000     0.000 1.000
L1_ETMHF150                                                                25.384           6     4.178 +-  0.574   3.863 +-  0.552     3.947 1.000
L1_SingleMuOpen_NotBptxOR                                                   0.000           0     0.000 +-  0.000   0.000 +-  0.000     0.000 1.000
L1_SingleMuOpen_NotBptxOR_3BX                                               0.000           0     0.000 +-  0.000   0.000 +-  0.000     0.000 1.000
L1_SingleJet20er2p7_NotBptxOR                                               0.000           0     0.000 +-  0.000   0.000 +-  0.000     0.000 1.000
L1_SingleJet20er2p7_NotBptxOR_3BX                                           0.000           0     0.000 +-  0.000   0.000 +-  0.000     0.000 1.000
L1_SingleJet43er2p7_NotBptxOR_3BX                                           0.000           0     0.000 +-  0.000   0.000 +-  0.000     0.000 1.000
L1_SingleJet46er2p7_NotBptxOR_3BX                                           0.000           0     0.000 +-  0.000   0.000 +-  0.000     0.000 1.000
L1_DoubleJet30_Mass_Min300_dEta_Max1p5                                      3.626           0     0.000 +-  0.000   0.000 +-  0.000     0.000 1.000
L1_DoubleJet30_Mass_Min320_dEta_Max1p5                                      2.680           0     0.000 +-  0.000   0.000 +-  0.000     0.000 1.000
L1_DoubleJet30_Mass_Min340_dEta_Max1p5                                      2.207           0     0.000 +-  0.000   0.000 +-  0.000     0.000 1.000
L1_DoubleJet30_Mass_Min360_dEta_Max1p5                                      1.419           0     0.000 +-  0.000   0.000 +-  0.000     0.000 1.000
L1_DoubleJet30_Mass_Min380_dEta_Max1p5                                      1.261           0     0.000 +-  0.000   0.000 +-  0.000     0.000 1.000
L1_DoubleJet30_Mass_Min400_dEta_Max1p5                                      0.867           0     0.000 +-  0.000   0.000 +-  0.000     0.000 1.000
L1_DoubleMu0er2_SQ_dR_Max1p4                                               28.458           0     0.000 +-  0.000   0.000 +-  0.000     0.000 1.000
L1_DoubleMu0er1p5_SQ_dR_Max1p4                                             11.904           0     0.000 +-  0.000   0.000 +-  0.000     0.000 1.000
L1_LooseIsoEG24er2p1_Jet26er2p7_dR_Min0p3                                  28.143           0     0.000 +-  0.000   0.000 +-  0.000     0.000 1.000
L1_LooseIsoEG26er2p1_Jet34er2p7_dR_Min0p3                                  20.812           0     0.000 +-  0.000   0.000 +-  0.000     0.000 1.000
L1_LooseIsoEG28er2p1_Jet34er2p7_dR_Min0p3                                  18.131           0     0.000 +-  0.000   0.000 +-  0.000     0.000 1.000
L1_LooseIsoEG30er2p1_Jet34er2p7_dR_Min0p3                                  16.082           0     0.000 +-  0.000   0.000 +-  0.000     0.000 1.000
L1_LooseIsoEG24er2p1_HTT100er                                              23.571           0     0.000 +-  0.000   0.000 +-  0.000     0.000 1.000
L1_LooseIsoEG26er2p1_HTT100er                                              20.812           0     0.000 +-  0.000   0.000 +-  0.000     0.000 1.000
L1_LooseIsoEG28er2p1_HTT100er                                              18.526           0     0.000 +-  0.000   0.000 +-  0.000     0.000 1.000
L1_LooseIsoEG24er2p1_TripleJet_26er2p7_26_26er2p7                          27.039           0     0.000 +-  0.000   0.000 +-  0.000     0.000 1.000
L1_Mu18_HTT100er                                                            5.203           0     0.000 +-  0.000   0.000 +-  0.000     0.000 1.000
L1_Mu18_Jet24er2p7                                                         16.870           0     0.000 +-  0.000   0.000 +-  0.000     0.000 1.000
L1_Mu20_EG17                                                                0.394           0     0.000 +-  0.000   0.000 +-  0.000     0.000 1.000
L1_Mu23_EG10                                                                2.523           0     0.000 +-  0.000   0.000 +-  0.000     0.000 1.000
L1_Mu23_LooseIsoEG10                                                        1.104           0     0.000 +-  0.000   0.000 +-  0.000     0.000 1.000
L1_Mu5_EG23                                                                 4.493           0     0.000 +-  0.000   0.000 +-  0.000     0.000 1.000
L1_Mu5_LooseIsoEG20                                                         3.390           0     0.000 +-  0.000   0.000 +-  0.000     0.000 1.000
L1_Mu7_EG23                                                                 1.734           0     0.000 +-  0.000   0.000 +-  0.000     0.000 1.000
L1_Mu7_LooseIsoEG20                                                         1.261           0     0.000 +-  0.000   0.000 +-  0.000     0.000 1.000
L1_Mu7_LooseIsoEG23                                                         0.788           0     0.000 +-  0.000   0.000 +-  0.000     0.000 1.000
L1_HTT250er_QuadJet_70_55_40_35_er2p5                                      70.555           0     0.000 +-  0.000   0.000 +-  0.000     0.000 1.000
L1_HTT280er_QuadJet_70_55_40_35_er2p5                                      51.399           0     0.000 +-  0.000   0.000 +-  0.000     0.000 1.000
L1_HTT300er_QuadJet_70_55_40_35_er2p5                                      40.126           0     0.000 +-  0.000   0.000 +-  0.000     0.000 1.000
L1_HTT320er_QuadJet_70_55_40_40_er2p4                                      15.215           0     0.000 +-  0.000   0.000 +-  0.000     0.000 1.000
L1_HTT320er_QuadJet_70_55_40_40_er2p5                                      25.936           0     0.000 +-  0.000   0.000 +-  0.000     0.000 1.000
L1_HTT340er_QuadJet_70_55_40_40_er2p5                                      19.156           0     0.000 +-  0.000   0.000 +-  0.000     0.000 1.000
L1_HTT320er_QuadJet_70_55_45_45_er2p5                                      18.526           0     0.000 +-  0.000   0.000 +-  0.000     0.000 1.000
L1_HTT340er_QuadJet_70_55_45_45_er2p5                                      14.426           0     0.000 +-  0.000   0.000 +-  0.000     0.000 1.000
L1_DoubleJet100er2p3_dEta_Max1p6                                            7.253           0     0.000 +-  0.000   0.000 +-  0.000     0.000 1.000
L1_DoubleJet112er2p3_dEta_Max1p6                                            3.705           0     0.000 +-  0.000   0.000 +-  0.000     0.000 1.000
L1_Mu10er2p3_Jet32er2p3_dR_Max0p4_DoubleJet32er2p3_dEta_Max1p6              6.228           0     0.000 +-  0.000   0.000 +-  0.000     0.000 1.000
L1_Mu12er2p3_Jet40er2p3_dR_Max0p4_DoubleJet40er2p3_dEta_Max1p6              2.996           0     0.000 +-  0.000   0.000 +-  0.000     0.000 1.000
L1_IsoTau40er_ETM80                                                        13.874           0     0.000 +-  0.000   0.000 +-  0.000     0.000 1.000
L1_IsoTau40er_ETM85                                                        11.273           0     0.000 +-  0.000   0.000 +-  0.000     0.000 1.000
L1_IsoTau40er_ETM90                                                         8.672           0     0.000 +-  0.000   0.000 +-  0.000     0.000 1.000
L1_IsoTau40er_ETM95                                                         7.016           0     0.000 +-  0.000   0.000 +-  0.000     0.000 1.000
L1_IsoTau40er_ETM100                                                        5.834           0     0.000 +-  0.000   0.000 +-  0.000     0.000 1.000
L1_IsoTau40er_ETM105                                                        5.203           0     0.000 +-  0.000   0.000 +-  0.000     0.000 1.000
L1_IsoTau40er_ETM110                                                        4.572           0     0.000 +-  0.000   0.000 +-  0.000     0.000 1.000
L1_IsoTau40er_ETM115                                                        4.099           0     0.000 +-  0.000   0.000 +-  0.000     0.000 1.000
L1_IsoTau40er_ETM120                                                        3.705           0     0.000 +-  0.000   0.000 +-  0.000     0.000 1.000
L1_IsoTau40er_ETMHF80                                                      11.825           0     0.000 +-  0.000   0.000 +-  0.000     0.000 1.000
L1_IsoTau40er_ETMHF90                                                       7.253           0     0.000 +-  0.000   0.000 +-  0.000     0.000 1.000
L1_IsoTau40er_ETMHF100                                                      4.966           0     0.000 +-  0.000   0.000 +-  0.000     0.000 1.000
L1_IsoTau40er_ETMHF110                                                      4.020           0     0.000 +-  0.000   0.000 +-  0.000     0.000 1.000
L1_IsoTau40er_ETMHF120                                                      3.311           0     0.000 +-  0.000   0.000 +-  0.000     0.000 1.000
L1_Mu22er2p1_IsoTau40er2p1                                                  0.315           0     0.000 +-  0.000   0.000 +-  0.000     0.000 1.000
L1_QuadJet36er2p7_IsoTau52er2p1                                            12.298         170     0.000 +-  0.000   0.000 +-  0.000     0.000 1.000
L1_ETM80_Jet60_dPhi_Min0p4                                                639.566           0     0.000 +-  0.000   0.000 +-  0.000     0.000 1.000
L1_ETM90_Jet60_dPhi_Min0p4                                                416.392           0     0.000 +-  0.000   0.000 +-  0.000     0.000 1.000
L1_ETM100_Jet60_dPhi_Min0p4                                               261.250           0     0.000 +-  0.000   0.000 +-  0.000     0.000 1.000
L1_ETM110_Jet60_dPhi_Min0p4                                               160.108           0     0.000 +-  0.000   0.000 +-  0.000     0.000 1.000
L1_DoubleJet60er2p7_ETM70                                                  59.834           0     0.000 +-  0.000   0.000 +-  0.000     0.000 1.000
L1_DoubleJet60er2p7_ETM80                                                  40.914           0     0.000 +-  0.000   0.000 +-  0.000     0.000 1.000
L1_DoubleJet60er2p7_ETM90                                                  26.803           0     0.000 +-  0.000   0.000 +-  0.000     0.000 1.000
L1_DoubleJet60er2p7_ETM100                                                 17.264           0     0.000 +-  0.000   0.000 +-  0.000     0.000 1.000
L1_DoubleEG_LooseIso23_10                                                  18.368           0     0.000 +-  0.000   0.000 +-  0.000     0.000 1.000
L1_DoubleEG_LooseIso24_10                                                  17.028           0     0.000 +-  0.000   0.000 +-  0.000     0.000 1.000
L1_TripleEG_LooseIso20_10_5                                                25.778           0     0.000 +-  0.000   0.000 +-  0.000     0.000 1.000
L1_DoubleJet_90_30_DoubleJet30_Mass_Min620                                655.095           0     0.000 +-  0.000   0.000 +-  0.000     0.000 1.000
L1_DoubleJet_100_30_DoubleJet30_Mass_Min620                               321.083           0     0.000 +-  0.000   0.000 +-  0.000     0.000 1.000
L1_DoubleJet_100_35_DoubleJet35_Mass_Min620                               312.097           0     0.000 +-  0.000   0.000 +-  0.000     0.000 1.000
L1_DoubleJet_110_35_DoubleJet35_Mass_Min620                               154.038           0     0.000 +-  0.000   0.000 +-  0.000     0.000 1.000
L1_DoubleJet_110_40_DoubleJet40_Mass_Min620                               147.968           0     0.000 +-  0.000   0.000 +-  0.000     0.000 1.000
L1_DoubleJet_115_35_DoubleJet35_Mass_Min620                               106.266           0     0.000 +-  0.000   0.000 +-  0.000     0.000 1.000
L1_DoubleJet_115_40_DoubleJet40_Mass_Min620                               101.615           0     0.000 +-  0.000   0.000 +-  0.000     0.000 1.000
L1_DoubleJet30_Mass_Min400_Mu6                                            199.288           0     0.000 +-  0.000   0.000 +-  0.000     0.000 1.000
L1_DoubleJet30_Mass_Min400_Mu10                                            45.565           0     0.000 +-  0.000   0.000 +-  0.000     0.000 1.000
L1_DoubleJet35_rmovlp_IsoTau45_Mass_Min450                                 69.136           0     0.000 +-  0.000   0.000 +-  0.000     0.000 1.000
L1_LooseIsoEG22er2p1_IsoTau26er2p1_dR_Min0p3                                3.311           0     0.000 +-  0.000   0.000 +-  0.000     0.000 1.000
L1_LooseIsoEG24er2p1_IsoTau27er2p1_dR_Min0p3                                2.838           0     0.000 +-  0.000   0.000 +-  0.000     0.000 1.000
L1_Mu18er2p1_Tau24er2p1                                                     2.759           0     0.000 +-  0.000   0.000 +-  0.000     0.000 1.000
L1_Mu22er2p1_Tau50er2p1                                                     0.394           0     0.000 +-  0.000   0.000 +-  0.000     0.000 1.000
L1_Mu22er2p1_Tau70er2p1                                                     0.236           0     0.000 +-  0.000   0.000 +-  0.000     0.000 1.000
L1_Mu18er2p1_IsoTau26er2p1                                                  0.867           0     0.000 +-  0.000   0.000 +-  0.000     0.000 1.000
L1_Mu20er2p1_IsoTau26er2p1                                                  0.631           0     0.000 +-  0.000   0.000 +-  0.000     0.000 1.000
L1_Mu20er2p1_IsoTau27er2p1                                                  0.631           0     0.000 +-  0.000   0.000 +-  0.000     0.000 1.000
L1_Mu22er2p1_IsoTau28er2p1                                                  0.394           0     0.000 +-  0.000   0.000 +-  0.000     0.000 1.000
L1_Mu22er2p1_IsoTau30er2p1                                                  0.394           0     0.000 +-  0.000   0.000 +-  0.000     0.000 1.000
L1_Mu22er2p1_IsoTau32er2p1                                                  0.394           0     0.000 +-  0.000   0.000 +-  0.000     0.000 1.000
L1_Mu22er2p1_IsoTau33er2p1                                                  0.315           0     0.000 +-  0.000   0.000 +-  0.000     0.000 1.000
L1_Mu22er2p1_IsoTau34er2p1                                                  0.315           0     0.000 +-  0.000   0.000 +-  0.000     0.000 1.000
L1_Mu22er2p1_IsoTau35er2p1                                                  0.315           0     0.000 +-  0.000   0.000 +-  0.000     0.000 1.000
L1_Mu22er2p1_IsoTau36er2p1                                                  0.315           0     0.000 +-  0.000   0.000 +-  0.000     0.000 1.000
L1_Mu22er2p1_IsoTau38er2p1                                                  0.315           0     0.000 +-  0.000   0.000 +-  0.000     0.000 1.000
L1_Mu6_HTT240er                                                             8.987           0     0.000 +-  0.000   0.000 +-  0.000     0.000 1.000
L1_Mu6_HTT250er                                                             7.253           0     0.000 +-  0.000   0.000 +-  0.000     0.000 1.000
L1_Mu15_HTT100er                                                            8.041           0     0.000 +-  0.000   0.000 +-  0.000     0.000 1.000
L1_DoubleMu3_SQ_ETMHF40_Jet60_OR_DoubleJet30                               36.420           0     0.000 +-  0.000   0.000 +-  0.000     0.000 1.000
L1_DoubleMu3_SQ_ETMHF50_Jet60_OR_DoubleJet30                               24.832           0     0.000 +-  0.000   0.000 +-  0.000     0.000 1.000
L1_DoubleMu3_SQ_ETMHF60_Jet60_OR_DoubleJet30                               15.530           0     0.000 +-  0.000   0.000 +-  0.000     0.000 1.000
L1_DoubleMu3_SQ_ETMHF70_Jet60_OR_DoubleJet30                               10.485           0     0.000 +-  0.000   0.000 +-  0.000     0.000 1.000
L1_DoubleMu3_SQ_ETMHF80_Jet60_OR_DoubleJet30                                6.858           0     0.000 +-  0.000   0.000 +-  0.000     0.000 1.000
L1_DoubleMu3_SQ_HTT100er                                                   28.774           0     0.000 +-  0.000   0.000 +-  0.000     0.000 1.000
L1_DoubleMu3_SQ_HTT200er                                                    5.755           0     0.000 +-  0.000   0.000 +-  0.000     0.000 1.000
L1_DoubleMu3_SQ_HTT220er                                                    4.336           0     0.000 +-  0.000   0.000 +-  0.000     0.000 1.000
L1_DoubleMu3_SQ_HTT240er                                                    2.680           0     0.000 +-  0.000   0.000 +-  0.000     0.000 1.000
L1_DoubleMu_15_5_SQ                                                         1.182           0     0.000 +-  0.000   0.000 +-  0.000     0.000 1.000
L1_DoubleMu_15_7_SQ                                                         0.631           0     0.000 +-  0.000   0.000 +-  0.000     0.000 1.000
L1_DoubleMu_15_7_SQ_Mass_Min4                                               0.473           0     0.000 +-  0.000   0.000 +-  0.000     0.000 1.000
L1_TripleMu3_SQ                                                             6.070           0     0.000 +-  0.000   0.000 +-  0.000     0.000 1.000
L1_DoubleEG6_HTT240er                                                     197.475           0     0.000 +-  0.000   0.000 +-  0.000     0.000 1.000
L1_DoubleEG6_HTT250er                                                     164.838           0     0.000 +-  0.000   0.000 +-  0.000     0.000 1.000
L1_DoubleEG6_HTT270er                                                     108.552           0     0.000 +-  0.000   0.000 +-  0.000     0.000 1.000
L1_DoubleEG6_HTT300er                                                      61.253           0     0.000 +-  0.000   0.000 +-  0.000     0.000 1.000
L1_DoubleEG8er2p6_HTT255er                                                 77.177           0     0.000 +-  0.000   0.000 +-  0.000     0.000 1.000
L1_DoubleEG8er2p6_HTT270er                                                 58.572           0     0.000 +-  0.000   0.000 +-  0.000     0.000 1.000
L1_DoubleEG8er2p6_HTT300er                                                 34.134           0     0.000 +-  0.000   0.000 +-  0.000     0.000 1.000
L1_ETMHF100_Jet60_OR_DoubleJet30                                          295.384           0     0.000 +-  0.000   0.000 +-  0.000     0.000 1.000
L1_ETMHF100_Jet60_OR_DiJet30woTT28                                        286.870           0     0.000 +-  0.000   0.000 +-  0.000     0.000 1.000
L1_ETMHF110_Jet60_OR_DiJet30woTT28                                        172.721           0     0.000 +-  0.000   0.000 +-  0.000     0.000 1.000
L1_ETMHF120_Jet60_OR_DiJet30woTT28                                        106.029           0     0.000 +-  0.000   0.000 +-  0.000     0.000 1.000
L1_ETMHF70_Jet90_OR_DoubleJet45_OR_TripleJet30                           1306.092           0     0.000 +-  0.000   0.000 +-  0.000     0.000 1.000
L1_ETMHF80_Jet90_OR_DoubleJet45_OR_TripleJet30                            799.122           0     0.000 +-  0.000   0.000 +-  0.000     0.000 1.000
L1_ETMHF90_Jet90_OR_DoubleJet45_OR_TripleJet30                            487.419           0     0.000 +-  0.000   0.000 +-  0.000     0.000 1.000
L1_ETMHF100_Jet90_OR_DoubleJet45_OR_TripleJet30                           293.098           0     0.000 +-  0.000   0.000 +-  0.000     0.000 1.000
L1_ETMHF110_Jet90_OR_DoubleJet45_OR_TripleJet30                           176.032           0     0.000 +-  0.000   0.000 +-  0.000     0.000 1.000
L1_DoubleMu7_SQ_EG7                                                         2.365           0     0.000 +-  0.000   0.000 +-  0.000     0.000 1.000
L1_ETMHF80_HTT60er                                                        545.755           0     0.000 +-  0.000   0.000 +-  0.000     0.000 1.000
L1_ETMHF90_HTT60er                                                        339.294           0     0.000 +-  0.000   0.000 +-  0.000     0.000 1.000
L1_ETMHF100_HTT60er                                                       207.092           0     0.000 +-  0.000   0.000 +-  0.000     0.000 1.000
L1_ETMHF110_HTT60er                                                       129.127           0     0.000 +-  0.000   0.000 +-  0.000     0.000 1.000
L1_ETMHF120_HTT60er                                                        80.566           0     0.000 +-  0.000   0.000 +-  0.000     0.000 1.000
L1_Mu3_Jet30er2p5                                                        1371.049       19000     0.000 +-  0.000   0.000 +-  0.000     0.000 1.000
L1_DoubleMu0er1p5_SQ_OS_dR_Max1p4                                           4.888           0     0.000 +-  0.000   0.000 +-  0.000     0.000 1.000
L1_DoubleMu4p5er2p0_SQ_OS_Mass7to18                                         2.838           0     0.000 +-  0.000   0.000 +-  0.000     0.000 1.000
L1_DoubleMu4_SQ_OS_dR_Max1p2                                                5.203           0     0.000 +-  0.000   0.000 +-  0.000     0.000 1.000
L1_DoubleMu5_SQ_OS_Mass7to18                                                1.813           0     0.000 +-  0.000   0.000 +-  0.000     0.000 1.000
L1_DoubleMu_20_2_SQ_Mass_Max20                                              0.631           0     0.000 +-  0.000   0.000 +-  0.000     0.000 1.000
L1_DoubleMu4_OS_EG12                                                        4.020           0     0.000 +-  0.000   0.000 +-  0.000     0.000 1.000
L1_DoubleMu0er1p4_SQ_OS_dR_Max1p4                                           4.178           0     0.000 +-  0.000   0.000 +-  0.000     0.000 1.000
L1_DoubleMu4p5_SQ_OS_dR_Max1p2                                              3.311           0     0.000 +-  0.000   0.000 +-  0.000     0.000 1.000
L1_DoubleMu5_OS_EG12                                                        1.025           0     0.000 +-  0.000   0.000 +-  0.000     0.000 1.000
L1_DoubleMu6_SQ_OS                                                          2.523           0     0.000 +-  0.000   0.000 +-  0.000     0.000 1.000
L1_TripleMu_5_3p5_2p5_DoubleMu_5_2p5_OS_Mass_5to17                          2.680           0     0.000 +-  0.000   0.000 +-  0.000     0.000 1.000
L1_TripleMu_5_4_2p5_DoubleMu_5_2p5_OS_Mass_5to17                            2.128           0     0.000 +-  0.000   0.000 +-  0.000     0.000 1.000
L1_TripleMu_5SQ_3SQ_0OQ_DoubleMu_5_3_SQ_OS_Mass_Max9                        3.784           0     0.000 +-  0.000   0.000 +-  0.000     0.000 1.000
L1_TripleMu_5SQ_3SQ_0_DoubleMu_5_3_SQ_OS_Mass_Max9                          3.153           0     0.000 +-  0.000   0.000 +-  0.000     0.000 1.000
L1_DoubleMu8_SQ                                                             1.419           1     1.419 +-  0.334   1.182 +-  0.305     1.261 1.000
L1_DoubleMu0_SQ                                                           279.066           0     0.000 +-  0.000   0.000 +-  0.000     0.000 1.000
L1_DoubleMu0_SQ_OS                                                        140.873           0     0.000 +-  0.000   0.000 +-  0.000     0.000 1.000
L1_DoubleMu4p5_SQ                                                          22.704           0     0.000 +-  0.000   0.000 +-  0.000     0.000 1.000
L1_DoubleMu4p5_SQ_OS                                                       11.037           0     0.000 +-  0.000   0.000 +-  0.000     0.000 1.000
L1_DoubleMu4p5er2p0_SQ_OS                                                   7.804           0     0.000 +-  0.000   0.000 +-  0.000     0.000 1.000
L1_DoubleMu0er1p5_SQ_OS                                                    12.692           0     0.000 +-  0.000   0.000 +-  0.000     0.000 1.000
L1_DoubleMu4_SQ_OS                                                         20.496           0     0.000 +-  0.000   0.000 +-  0.000     0.000 1.000
L1_DoubleMu5_SQ_OS                                                          5.834           0     0.000 +-  0.000   0.000 +-  0.000     0.000 1.000
L1_TripleMu_5_3p5_2p5                                                       6.701           0     0.000 +-  0.000   0.000 +-  0.000     0.000 1.000
L1_TripleMu0_OQ                                                           101.378           0     0.000 +-  0.000   0.000 +-  0.000     0.000 1.000
L1_TripleMu_5SQ_3SQ_0OQ                                                    13.007           0     0.000 +-  0.000   0.000 +-  0.000     0.000 1.000
L1_DoubleMu5Upsilon_OS_DoubleEG3                                            1.261           0     0.000 +-  0.000   0.000 +-  0.000     0.000 1.000
L1_DoubleMu3_OS_DoubleEG7p5Upsilon                                          1.577           0     0.000 +-  0.000   0.000 +-  0.000     0.000 1.000
L1_TripleMu_5OQ_3p5OQ_2p5OQ_DoubleMu_5_2p5_OQ_OS_Mass_8to14                 2.444           0     0.000 +-  0.000   0.000 +-  0.000     0.000 1.000
L1_TripleMu_5OQ_3p5OQ_2p5OQ_DoubleMu_5_2p5_OQ_OS_Mass_5to17                 4.336           0     0.000 +-  0.000   0.000 +-  0.000     0.000 1.000
L1_Mu6_DoubleEG17                                                           0.315           1     0.315 +-  0.158   0.236 +-  0.137     0.242 1.000
L1_DoubleMu7_EG7                                                            2.996           0     0.000 +-  0.000   0.000 +-  0.000     0.000 1.000
L1_IsolatedBunch                                                            0.000           0     0.000 +-  0.000   0.000 +-  0.000     0.000 1.000
L1_FirstBunchInTrain                                                     2623.535           0     0.000 +-  0.000   0.000 +-  0.000     0.000 1.000
L1_FirstBunchAfterTrain                                                     0.000           0     0.000 +-  0.000   0.000 +-  0.000     0.000 1.000
L1_Mu5_EG15                                                                40.283           0     0.000 +-  0.000   0.000 +-  0.000     0.000 1.000
L1_Mu5_EG20                                                                 8.514           0     0.000 +-  0.000   0.000 +-  0.000     0.000 1.000
L1_Mu5_LooseIsoEG18                                                         4.730           0     0.000 +-  0.000   0.000 +-  0.000     0.000 1.000
L1_Mu12_EG10                                                               12.377           0     0.000 +-  0.000   0.000 +-  0.000     0.000 1.000
L1_Mu20_EG10                                                                3.311           0     0.000 +-  0.000   0.000 +-  0.000     0.000 1.000
L1_MU20_EG15                                                                0.709           0     0.000 +-  0.000   0.000 +-  0.000     0.000 1.000
L1_Mu20_LooseIsoEG6                                                         5.518           0     0.000 +-  0.000   0.000 +-  0.000     0.000 1.000
L1_Mu6_HTT200er                                                            17.895           0     0.000 +-  0.000   0.000 +-  0.000     0.000 1.000
L1_Mu8_HTT150er                                                            20.496           0     0.000 +-  0.000   0.000 +-  0.000     0.000 1.000
L1_EG25er2p1_HTT125er                                                      32.637           0     0.000 +-  0.000   0.000 +-  0.000     0.000 1.000
L1_EG27er2p1_HTT200er                                                      13.717           0     0.000 +-  0.000   0.000 +-  0.000     0.000 1.000
L1_DoubleJet60er2p7_ETM60                                                  83.247           0     0.000 +-  0.000   0.000 +-  0.000     0.000 1.000
L1_QuadJet36er2p7_Tau52                                                    42.964           0     0.000 +-  0.000   0.000 +-  0.000     0.000 1.000
L1_ETM75_Jet60_dPhi_Min0p4                                                790.056           0     0.000 +-  0.000   0.000 +-  0.000     0.000 1.000
L1_DoubleMu0_ETM40                                                        198.736           0     0.000 +-  0.000   0.000 +-  0.000     0.000 1.000
L1_DoubleMu0_ETM55                                                         96.018           0     0.000 +-  0.000   0.000 +-  0.000     0.000 1.000
L1_DoubleMu0_ETM60                                                         75.758           0     0.000 +-  0.000   0.000 +-  0.000     0.000 1.000
L1_DoubleMu0_ETM65                                                         59.597           0     0.000 +-  0.000   0.000 +-  0.000     0.000 1.000
L1_DoubleMu0_ETM70                                                         45.801           0     0.000 +-  0.000   0.000 +-  0.000     0.000 1.000
L1_DoubleEG6_HTT255er                                                     148.047           0     0.000 +-  0.000   0.000 +-  0.000     0.000 1.000
L1_DoubleMu0er1p4_dEta_Max1p8_OS                                           10.248           0     0.000 +-  0.000   0.000 +-  0.000     0.000 1.000
L1_DoubleMu_10_0_dEta_Max1p8                                               15.766           0     0.000 +-  0.000   0.000 +-  0.000     0.000 1.000
L1_Mu6_DoubleEG10                                                          18.841           0     0.000 +-  0.000   0.000 +-  0.000     0.000 1.000
L1_Mu3_Jet16er2p7_dEta_Max0p4_dPhi_Max0p4                                 195.031        2600     0.000 +-  0.000   0.000 +-  0.000     0.000 1.000
L1_Mu3_Jet60er2p7_dEta_Max0p4_dPhi_Max0p4                                  14.111          95     0.079 +-  0.079   0.079 +-  0.079     0.079 1.000
L1_Mu3_Jet120er2p7_dEta_Max0p4_dPhi_Max0p4                                  0.946           1     0.946 +-  0.273   0.552 +-  0.209     0.578 1.000
L1_SingleEG2_BptxAND                                                    20868.299           0     0.000 +-  0.000   0.000 +-  0.000     0.000 1.000
L1_SingleJet12_BptxAND                                                  20947.052           0     0.000 +-  0.000   0.000 +-  0.000     0.000 1.000
L1_ETT40_BptxAND                                                        20984.103           0     0.000 +-  0.000   0.000 +-  0.000     0.000 1.000
L1_ETT50_BptxAND                                                        20984.103           0     0.000 +-  0.000   0.000 +-  0.000     0.000 1.000
L1_ETT60_BptxAND                                                        20984.103           0     0.000 +-  0.000   0.000 +-  0.000     0.000 1.000
L1_ETT70_BptxAND                                                        20984.103           0     0.000 +-  0.000   0.000 +-  0.000     0.000 1.000
L1_ETT75_BptxAND                                                        20984.103           0     0.000 +-  0.000   0.000 +-  0.000     0.000 1.000
L1_ETT80_BptxAND                                                        20984.103           0     0.000 +-  0.000   0.000 +-  0.000     0.000 1.000
L1_ETT85_BptxAND                                                        20984.103           0     0.000 +-  0.000   0.000 +-  0.000     0.000 1.000
L1_ETT90_BptxAND                                                        20984.103           0     0.000 +-  0.000   0.000 +-  0.000     0.000 1.000
L1_ETT95_BptxAND                                                        20984.103           0     0.000 +-  0.000   0.000 +-  0.000     0.000 1.000
L1_ETT100_BptxAND                                                       20984.103           0     0.000 +-  0.000   0.000 +-  0.000     0.000 1.000
L1_ETT110_BptxAND                                                       20984.103           0     0.000 +-  0.000   0.000 +-  0.000     0.000 1.000
L1_MinimumBiasHF0_AND_BptxAND                                           20984.103           0     0.000 +-  0.000   0.000 +-  0.000     0.000 1.000
L1_MinimumBiasHF0_OR_BptxAND                                            20984.103           0     0.000 +-  0.000   0.000 +-  0.000     0.000 1.000
L1_Mu10er2p1_ETM30                                                         34.607           0     0.000 +-  0.000   0.000 +-  0.000     0.000 1.000
L1_Mu14er2p1_ETM30                                                         13.323           0     0.000 +-  0.000   0.000 +-  0.000     0.000 1.000
L1_AlwaysTrue                                                           20984.103           0     0.000 +-  0.000   0.000 +-  0.000     0.000 1.000
L1_NotBptxOR                                                                0.000           0     0.000 +-  0.000   0.000 +-  0.000     0.000 1.000
L1_BptxXOR                                                                  0.000           0     0.000 +-  0.000   0.000 +-  0.000     0.000 1.000
L1_ZeroBias_copy                                                        20984.103           0     0.000 +-  0.000   0.000 +-  0.000     0.000 1.000
L1_BPTX_BeamGas_Ref1_VME                                                18360.568           0     0.000 +-  0.000   0.000 +-  0.000     0.000 1.000
L1_BPTX_BeamGas_Ref2_VME                                                18349.137           0     0.000 +-  0.000   0.000 +-  0.000     0.000 1.000
L1_BPTX_BeamGas_B1_VME                                                     30.350           0     0.000 +-  0.000   0.000 +-  0.000     0.000 1.000
L1_BPTX_BeamGas_B2_VME                                                     32.006           0     0.000 +-  0.000   0.000 +-  0.000     0.000 1.000
L1_ZeroBias                                                             20984.103           0     0.000 +-  0.000   0.000 +-  0.000     0.000 1.000
L1_BptxPlus                                                             20984.103           0     0.000 +-  0.000   0.000 +-  0.000     0.000 1.000
L1_BptxMinus                                                            20984.103           0     0.000 +-  0.000   0.000 +-  0.000     0.000 1.000
L1_BptxOR                                                               20984.103           0     0.000 +-  0.000   0.000 +-  0.000     0.000 1.000
L1_BPTX_AND_Ref1_VME                                                    18349.137           0     0.000 +-  0.000   0.000 +-  0.000     0.000 1.000
L1_UnpairedBunchBptxPlus                                                    0.000           0     0.000 +-  0.000   0.000 +-  0.000     0.000 1.000
L1_UnpairedBunchBptxMinus                                                   0.000           0     0.000 +-  0.000   0.000 +-  0.000     0.000 1.000
L1_BPTX_NotOR_VME                                                           0.000           0     0.000 +-  0.000   0.000 +-  0.000     0.000 1.000
L1_BPTX_AND_Ref3_VME                                                    20984.103           0     0.000 +-  0.000   0.000 +-  0.000     0.000 1.000
L1_BPTX_OR_Ref3_VME                                                     20984.103           0     0.000 +-  0.000   0.000 +-  0.000     0.000 1.000
L1_BPTX_RefAND_VME                                                      20984.103           0     0.000 +-  0.000   0.000 +-  0.000     0.000 1.000
L1_FirstCollisionInOrbit                                                   11.431           0     0.000 +-  0.000   0.000 +-  0.000     0.000 1.000
L1_BPTX_AND_Ref4_VME                                                    20984.103           0     0.000 +-  0.000   0.000 +-  0.000     0.000 1.000
L1_BPTX_OR_Ref4_VME                                                     18349.137           0     0.000 +-  0.000   0.000 +-  0.000     0.000 1.000
L1_LastCollisionInTrain                                                  2620.382           0     0.000 +-  0.000   0.000 +-  0.000     0.000 1.000
L1_FirstCollisionInTrain                                                 2634.966           0     0.000 +-  0.000   0.000 +-  0.000     0.000 1.000
L1_CDC_SingleMu_3_er1p2_TOP120_DPHI2p618_3p142                              0.394         200     0.000 +-  0.000   0.000 +-  0.000     0.000 1.000
total [kHz]: 64.642 +- 2.257
unique [kHz]: 21.127
proportional [kHz]: 64.642
