seed name                                                             unprescaled    prescale           prescaled            unique proportional weight
L1_SingleMuCosmics                                                       3763.586           0     0.000 +-  0.000   0.000 +-  0.000     0.000 1.000
L1_SingleMuOpen                                                          3763.525       63000     0.040 +-  0.029   0.040 +-  0.029     0.040 1.000
L1_SingleMuCosmics_BMTF                                                   251.093           0     0.000 +-  0.000   0.000 +-  0.000     0.000 1.000
L1_SingleMuCosmics_OMTF                                                   298.532           0     0.000 +-  0.000   0.000 +-  0.000     0.000 1.000
L1_SingleMuCosmics_EMTF                                                  3313.249           0     0.000 +-  0.000   0.000 +-  0.000     0.000 1.000
L1_SingleMu0_BMTF                                                         251.073           0     0.000 +-  0.000   0.000 +-  0.000     0.000 1.000
L1_SingleMu0_OMTF                                                         161.070           0     0.000 +-  0.000   0.000 +-  0.000     0.000 1.000
L1_SingleMu0_EMTF                                                        1935.230           0     0.000 +-  0.000   0.000 +-  0.000     0.000 1.000
L1_SingleMu3                                                             1355.058       22000     0.061 +-  0.035   0.061 +-  0.035     0.061 1.000
L1_SingleMu5                                                              413.276        1700     0.243 +-  0.070   0.182 +-  0.061     0.205 1.000
L1_SingleMu7                                                              164.894         670     0.243 +-  0.070   0.243 +-  0.070     0.243 1.000
L1_SingleMu10_LowQ                                                         73.475        1300     0.040 +-  0.029   0.040 +-  0.029     0.040 1.000
L1_SingleMu11_LowQ                                                         57.170           0     0.000 +-  0.000   0.000 +-  0.000     0.000 1.000
L1_SingleMu12_LowQ_BMTF                                                     7.728           0     0.000 +-  0.000   0.000 +-  0.000     0.000 1.000
L1_SingleMu12_LowQ_OMTF                                                     9.933           0     0.000 +-  0.000   0.000 +-  0.000     0.000 1.000
L1_SingleMu12_LowQ_EMTF                                                    30.648           0     0.000 +-  0.000   0.000 +-  0.000     0.000 1.000
L1_SingleMu16                                                              16.427           0     0.000 +-  0.000   0.000 +-  0.000     0.000 1.000
L1_SingleMu18                                                              12.259         210     0.040 +-  0.029   0.000 +-  0.000     0.017 1.000
L1_SingleMu20                                                               9.629           0     0.000 +-  0.000   0.000 +-  0.000     0.000 1.000
L1_SingleMu22                                                               8.011           0     0.000 +-  0.000   0.000 +-  0.000     0.000 1.000
L1_SingleMu22_BMTF                                                          1.841           0     0.000 +-  0.000   0.000 +-  0.000     0.000 1.000
L1_SingleMu22_OMTF                                                          2.225           0     0.000 +-  0.000   0.000 +-  0.000     0.000 1.000
L1_SingleMu22_EMTF                                                          3.945           0     0.000 +-  0.000   0.000 +-  0.000     0.000 1.000
L1_SingleMu25                                                               6.494           1     6.494 +-  0.362   1.052 +-  0.146     3.153 1.000
L1_SingleMu30                                                               4.633           1     4.633 +-  0.306   0.000 +-  0.000     1.825 1.000
L1_SingleMu14er2p1                                                         19.158           0     0.000 +-  0.000   0.000 +-  0.000     0.000 1.000
L1_SingleMu16er2p1                                                         13.534           0     0.000 +-  0.000   0.000 +-  0.000     0.000 1.000
L1_SingleMu18er2p1                                                          9.892           0     0.000 +-  0.000   0.000 +-  0.000     0.000 1.000
L1_SingleMu20er2p1                                                          7.829           0     0.000 +-  0.000   0.000 +-  0.000     0.000 1.000
L1_SingleMu22er2p1                                                          6.433           0     0.000 +-  0.000   0.000 +-  0.000     0.000 1.000
L1_DoubleMu0                                                              334.946           0     0.000 +-  0.000   0.000 +-  0.000     0.000 1.000
L1_DoubleMu_11_4                                                            4.289           0     0.000 +-  0.000   0.000 +-  0.000     0.000 1.000
L1_DoubleMu_12_5                                                            2.529           0     0.000 +-  0.000   0.000 +-  0.000     0.000 1.000
L1_DoubleMu_12_8                                                            0.910           0     0.000 +-  0.000   0.000 +-  0.000     0.000 1.000
L1_DoubleMu_13_6                                                            1.274           0     0.000 +-  0.000   0.000 +-  0.000     0.000 1.000
L1_DoubleMu_15_5                                                            1.618           0     0.000 +-  0.000   0.000 +-  0.000     0.000 1.000
L1_DoubleMu_15_7                                                            0.789           1     0.789 +-  0.126   0.121 +-  0.050     0.233 1.000
L1_DoubleMu18er2p1                                                          0.000           1     0.000 +-  0.000   0.000 +-  0.000     0.000 1.000
L1_DoubleMu22er2p1                                                          0.000           1     0.000 +-  0.000   0.000 +-  0.000     0.000 1.000
L1_TripleMu0                                                               25.651           0     0.000 +-  0.000   0.000 +-  0.000     0.000 1.000
L1_TripleMu3                                                                4.086           0     0.000 +-  0.000   0.000 +-  0.000     0.000 1.000
L1_TripleMu_4_4_4                                                           0.951           1     0.951 +-  0.139   0.000 +-  0.000     0.219 1.000
L1_TripleMu_5_0_0                                                           9.468           0     0.000 +-  0.000   0.000 +-  0.000     0.000 1.000
L1_TripleMu_5_3_3                                                           2.529           1     2.529 +-  0.226   0.243 +-  0.070     0.867 1.000
L1_TripleMu_5_5_3                                                           0.951           1     0.951 +-  0.139   0.000 +-  0.000     0.208 1.000
L1_QuadMu0                                                                  1.659           0     0.000 +-  0.000   0.000 +-  0.000     0.000 1.000
L1_SingleEG5                                                            14912.855      220000     0.061 +-  0.035   0.061 +-  0.035     0.061 1.000
L1_SingleEG10                                                            2947.209       38000     0.061 +-  0.035   0.061 +-  0.035     0.061 1.000
L1_SingleEG15                                                             646.688        2700     0.223 +-  0.067   0.223 +-  0.067     0.223 1.000
L1_SingleEG18                                                             226.918           0     0.000 +-  0.000   0.000 +-  0.000     0.000 1.000
L1_SingleEG24                                                              66.799           0     0.000 +-  0.000   0.000 +-  0.000     0.000 1.000
L1_SingleEG26                                                              52.234         780     0.061 +-  0.035   0.020 +-  0.020     0.031 1.000
L1_SingleEG28                                                              41.512           0     0.000 +-  0.000   0.000 +-  0.000     0.000 1.000
L1_SingleEG30                                                              33.056           0     0.000 +-  0.000   0.000 +-  0.000     0.000 1.000
L1_SingleEG32                                                              26.198           0     0.000 +-  0.000   0.000 +-  0.000     0.000 1.000
L1_SingleEG34                                                              21.565           0     0.000 +-  0.000   0.000 +-  0.000     0.000 1.000
L1_SingleEG36                                                              17.681           0     0.000 +-  0.000   0.000 +-  0.000     0.000 1.000
L1_SingleEG38                                                              15.334           0     0.000 +-  0.000   0.000 +-  0.000     0.000 1.000
L1_SingleEG40                                                              12.927           1    12.927 +-  0.511   0.728 +-  0.121     2.044 1.000
L1_SingleEG42                                                              11.167           1    11.167 +-  0.475   0.000 +-  0.000     1.193 1.000
L1_SingleEG45                                                               8.557           1     8.557 +-  0.416   0.000 +-  0.000     0.614 1.000
L1_SingleEG50                                                               5.867           1     5.867 +-  0.345   0.000 +-  0.000     0.269 1.000
L1_SingleEG34er2p1                                                         11.875           0     0.000 +-  0.000   0.000 +-  0.000     0.000 1.000
L1_SingleEG36er2p1                                                          9.690           0     0.000 +-  0.000   0.000 +-  0.000     0.000 1.000
L1_SingleEG38er2p1                                                          8.355           0     0.000 +-  0.000   0.000 +-  0.000     0.000 1.000
L1_SingleIsoEG18                                                           24.964           0     0.000 +-  0.000   0.000 +-  0.000     0.000 1.000
L1_SingleIsoEG20                                                           22.374           0     0.000 +-  0.000   0.000 +-  0.000     0.000 1.000
L1_SingleIsoEG22                                                           20.554           0     0.000 +-  0.000   0.000 +-  0.000     0.000 1.000
L1_SingleIsoEG24                                                           19.259           0     0.000 +-  0.000   0.000 +-  0.000     0.000 1.000
L1_SingleIsoEG26                                                           18.247           0     0.000 +-  0.000   0.000 +-  0.000     0.000 1.000
L1_SingleIsoEG28                                                           16.710           0     0.000 +-  0.000   0.000 +-  0.000     0.000 1.000
L1_SingleIsoEG30                                                           15.516           0     0.000 +-  0.000   0.000 +-  0.000     0.000 1.000
L1_SingleIsoEG32                                                           14.485           1    14.485 +-  0.541   0.142 +-  0.054     1.163 1.000
L1_SingleIsoEG34                                                           13.190           1    13.190 +-  0.517   0.000 +-  0.000     0.785 1.000
L1_SingleIsoEG35                                                           12.704           1    12.704 +-  0.507   0.000 +-  0.000     0.732 1.000
L1_SingleIsoEG36                                                           11.956           1    11.956 +-  0.492   0.000 +-  0.000     0.660 1.000
L1_SingleIsoEG37                                                           11.450           1    11.450 +-  0.481   0.000 +-  0.000     0.616 1.000
L1_SingleIsoEG38                                                           11.066           1    11.066 +-  0.473   0.000 +-  0.000     0.591 1.000
L1_SingleIsoEG40                                                           10.115           1    10.115 +-  0.452   0.000 +-  0.000     0.520 1.000
L1_SingleIsoEG18er2p1                                                      18.915           0     0.000 +-  0.000   0.000 +-  0.000     0.000 1.000
L1_SingleIsoEG20er2p1                                                      16.851           0     0.000 +-  0.000   0.000 +-  0.000     0.000 1.000
L1_SingleIsoEG22er2p1                                                      15.456           0     0.000 +-  0.000   0.000 +-  0.000     0.000 1.000
L1_SingleIsoEG24er2p1                                                      14.363           0     0.000 +-  0.000   0.000 +-  0.000     0.000 1.000
L1_SingleIsoEG26er2p1                                                      13.594           0     0.000 +-  0.000   0.000 +-  0.000     0.000 1.000
L1_SingleIsoEG28er2p1                                                      12.199         190     0.061 +-  0.035   0.000 +-  0.000     0.002 1.000
L1_SingleIsoEG30er2p1                                                      11.207           1    11.207 +-  0.476   0.526 +-  0.103     1.336 1.000
L1_SingleIsoEG32er2p1                                                      10.297           1    10.297 +-  0.456   0.000 +-  0.000     0.680 1.000
L1_SingleIsoEG33er2p1                                                       9.710           1     9.710 +-  0.443   0.000 +-  0.000     0.535 1.000
L1_SingleIsoEG34er2p1                                                       9.245           1     9.245 +-  0.432   0.000 +-  0.000     0.468 1.000
L1_SingleIsoEG35er2p1                                                       8.780           1     8.780 +-  0.421   0.000 +-  0.000     0.419 1.000
L1_SingleIsoEG36er2p1                                                       8.132           1     8.132 +-  0.406   0.000 +-  0.000     0.364 1.000
L1_SingleIsoEG38er2p1                                                       7.343           1     7.343 +-  0.385   0.000 +-  0.000     0.308 1.000
L1_SingleIsoEG40er2p1                                                       6.656           1     6.656 +-  0.367   0.000 +-  0.000     0.267 1.000
L1_IsoEG33_Mt40                                                            12.037           1    12.037 +-  0.493   0.000 +-  0.000     0.737 1.000
L1_IsoEG33_Mt44                                                            11.673           1    11.673 +-  0.486   0.000 +-  0.000     0.712 1.000
L1_IsoEG33_Mt48                                                            11.369           1    11.369 +-  0.480   0.000 +-  0.000     0.692 1.000
L1_DoubleEG_15_10                                                         114.865           0     0.000 +-  0.000   0.000 +-  0.000     0.000 1.000
L1_DoubleEG_18_17                                                           5.543           0     0.000 +-  0.000   0.000 +-  0.000     0.000 1.000
L1_DoubleEG_20_18                                                           3.176           0     0.000 +-  0.000   0.000 +-  0.000     0.000 1.000
L1_DoubleEG_22_10                                                          19.583           0     0.000 +-  0.000   0.000 +-  0.000     0.000 1.000
L1_DoubleEG_22_12                                                          10.600           0     0.000 +-  0.000   0.000 +-  0.000     0.000 1.000
L1_DoubleEG_22_15                                                           5.604           0     0.000 +-  0.000   0.000 +-  0.000     0.000 1.000
L1_DoubleEG_23_10                                                          17.175           0     0.000 +-  0.000   0.000 +-  0.000     0.000 1.000
L1_DoubleEG_24_17                                                           2.873           0     0.000 +-  0.000   0.000 +-  0.000     0.000 1.000
L1_DoubleEG_25_12                                                           7.526           0     0.000 +-  0.000   0.000 +-  0.000     0.000 1.000
L1_DoubleEG_25_13                                                           6.352           0     0.000 +-  0.000   0.000 +-  0.000     0.000 1.000
L1_DoubleEG_25_14                                                           5.159           1     5.159 +-  0.323   2.954 +-  0.244     3.295 1.000
L1_DoubleLooseIsoEG22er2p1                                                  0.142           1     0.142 +-  0.054   0.000 +-  0.000     0.005 1.000
L1_DoubleLooseIsoEG24er2p1                                                  0.121           1     0.121 +-  0.050   0.000 +-  0.000     0.003 1.000
L1_TripleEG_14_10_8                                                        50.757           0     0.000 +-  0.000   0.000 +-  0.000     0.000 1.000
L1_TripleEG_18_17_8                                                         2.144           0     0.000 +-  0.000   0.000 +-  0.000     0.000 1.000
L1_SingleTau20                                                          17053.479           0     0.000 +-  0.000   0.000 +-  0.000     0.000 1.000
L1_SingleTau80er2p1                                                         8.153           0     0.000 +-  0.000   0.000 +-  0.000     0.000 1.000
L1_SingleTau100er2p1                                                        3.763           0     0.000 +-  0.000   0.000 +-  0.000     0.000 1.000
L1_SingleTau120er2p1                                                        2.043           1     2.043 +-  0.203   0.000 +-  0.000     0.097 1.000
L1_SingleTau130er2p1                                                        1.659           1     1.659 +-  0.183   0.000 +-  0.000     0.062 1.000
L1_SingleTau140er2p1                                                        1.295           1     1.295 +-  0.162   0.000 +-  0.000     0.041 1.000
L1_DoubleTau50er2p1                                                         7.242           0     0.000 +-  0.000   0.000 +-  0.000     0.000 1.000
L1_DoubleTau70er2p1                                                         2.286           1     2.286 +-  0.215   0.000 +-  0.000     0.202 1.000
L1_DoubleIsoTau28er2p1                                                     13.311           0     0.000 +-  0.000   0.000 +-  0.000     0.000 1.000
L1_DoubleIsoTau30er2p1                                                     10.904           0     0.000 +-  0.000   0.000 +-  0.000     0.000 1.000
L1_DoubleIsoTau32er2p1                                                      8.921           0     0.000 +-  0.000   0.000 +-  0.000     0.000 1.000
L1_DoubleIsoTau33er2p1                                                      8.476           0     0.000 +-  0.000   0.000 +-  0.000     0.000 1.000
L1_DoubleIsoTau34er2p1                                                      7.789           1     7.789 +-  0.397   0.344 +-  0.083     1.612 1.000
L1_DoubleIsoTau35er2p1                                                      7.303           1     7.303 +-  0.384   0.000 +-  0.000     1.240 1.000
L1_DoubleIsoTau36er2p1                                                      6.898           1     6.898 +-  0.374   0.000 +-  0.000     1.108 1.000
L1_DoubleIsoTau38er2p1                                                      6.312           1     6.312 +-  0.357   0.000 +-  0.000     0.932 1.000
L1_SingleJet16                                                          20272.881           0     0.000 +-  0.000   0.000 +-  0.000     0.000 1.000
L1_SingleJet20                                                          19332.738           0     0.000 +-  0.000   0.000 +-  0.000     0.000 1.000
L1_SingleJet35                                                          11056.839      159000     0.061 +-  0.035   0.061 +-  0.035     0.061 1.000
L1_SingleJet60                                                           1706.592        1700     0.991 +-  0.142   0.951 +-  0.139     0.954 1.000
L1_SingleJet90                                                            133.072        1500     0.081 +-  0.040   0.061 +-  0.035     0.067 1.000
L1_SingleJet120                                                            24.559         350     0.061 +-  0.035   0.020 +-  0.020     0.023 1.000
L1_SingleJet140                                                            10.580           0     0.000 +-  0.000   0.000 +-  0.000     0.000 1.000
L1_SingleJet150                                                             7.505           0     0.000 +-  0.000   0.000 +-  0.000     0.000 1.000
L1_SingleJet160                                                             5.725           0     0.000 +-  0.000   0.000 +-  0.000     0.000 1.000
L1_SingleJet170                                                             4.471           0     0.000 +-  0.000   0.000 +-  0.000     0.000 1.000
L1_SingleJet180                                                             3.540           1     3.540 +-  0.268   0.061 +-  0.035     0.396 1.000
L1_SingleJet200                                                             2.509           1     2.509 +-  0.225   0.000 +-  0.000     0.185 1.000
L1_SingleJet35_FWD                                                       7549.930      103000     0.061 +-  0.035   0.061 +-  0.035     0.061 1.000
L1_SingleJet60_FWD                                                       1114.868        5100     0.202 +-  0.064   0.202 +-  0.064     0.202 1.000
L1_SingleJet90_FWD                                                         55.612         250     0.202 +-  0.064   0.142 +-  0.054     0.157 1.000
L1_SingleJet120_FWD                                                         5.988          40     0.142 +-  0.054   0.061 +-  0.035     0.078 1.000
L1_SingleJet35_HFp                                                        451.490           0     0.000 +-  0.000   0.000 +-  0.000     0.000 1.000
L1_SingleJet35_HFm                                                        296.894           0     0.000 +-  0.000   0.000 +-  0.000     0.000 1.000
L1_SingleJet60_HFp                                                         33.238           0     0.000 +-  0.000   0.000 +-  0.000     0.000 1.000
L1_SingleJet60_HFm                                                         22.718           0     0.000 +-  0.000   0.000 +-  0.000     0.000 1.000
L1_DoubleJet40er2p7                                                      1010.098        8400     0.101 +-  0.045   0.081 +-  0.040     0.091 1.000
L1_DoubleJet50er2p7                                                       263.009           0     0.000 +-  0.000   0.000 +-  0.000     0.000 1.000
L1_DoubleJet60er2p7                                                        89.092           0     0.000 +-  0.000   0.000 +-  0.000     0.000 1.000
L1_DoubleJet80er2p7                                                        21.929           0     0.000 +-  0.000   0.000 +-  0.000     0.000 1.000
L1_DoubleJet100er2p7                                                        8.274         170     0.040 +-  0.029   0.020 +-  0.020     0.021 1.000
L1_DoubleJet112er2p7                                                        5.037         100     0.040 +-  0.029   0.000 +-  0.000     0.005 1.000
L1_DoubleJet120er2p7                                                        3.682          70     0.040 +-  0.029   0.000 +-  0.000     0.001 1.000
L1_DoubleJet150er2p7                                                        1.295           1     1.295 +-  0.162   0.000 +-  0.000     0.079 1.000
L1_TripleJet_84_68_48_VBF                                                  24.984           0     0.000 +-  0.000   0.000 +-  0.000     0.000 1.000
L1_TripleJet_88_72_56_VBF                                                  12.704           0     0.000 +-  0.000   0.000 +-  0.000     0.000 1.000
L1_TripleJet_92_76_64_VBF                                                   6.211           0     0.000 +-  0.000   0.000 +-  0.000     0.000 1.000
L1_TripleJet_98_83_71_VBF                                                   3.358           0     0.000 +-  0.000   0.000 +-  0.000     0.000 1.000
L1_TripleJet_105_85_76_VBF                                                  2.165           1     2.165 +-  0.209   0.283 +-  0.076     0.540 1.000
L1_TripleJet_100_85_72_VBF                                                  2.893           0     0.000 +-  0.000   0.000 +-  0.000     0.000 1.000
L1_QuadJet40er2p7                                                          39.145           0     0.000 +-  0.000   0.000 +-  0.000     0.000 1.000
L1_QuadJet50er2p7                                                           4.774           0     0.000 +-  0.000   0.000 +-  0.000     0.000 1.000
L1_QuadJet60er2p7                                                           0.789           0     0.000 +-  0.000   0.000 +-  0.000     0.000 1.000
L1_HTT120er                                                               780.549       11400     0.061 +-  0.035   0.061 +-  0.035     0.061 1.000
L1_HTT160er                                                               288.559        4100     0.061 +-  0.035   0.040 +-  0.029     0.042 1.000
L1_HTT200er                                                               111.709        1600     0.061 +-  0.035   0.061 +-  0.035     0.061 1.000
L1_HTT220er                                                                71.573           0     0.000 +-  0.000   0.000 +-  0.000     0.000 1.000
L1_HTT240er                                                                46.529           0     0.000 +-  0.000   0.000 +-  0.000     0.000 1.000
L1_HTT255er                                                                34.532         500     0.061 +-  0.035   0.020 +-  0.020     0.027 1.000
L1_HTT270er                                                                25.672           0     0.000 +-  0.000   0.000 +-  0.000     0.000 1.000
L1_HTT280er                                                                21.181           0     0.000 +-  0.000   0.000 +-  0.000     0.000 1.000
L1_HTT300er                                                                14.788           0     0.000 +-  0.000   0.000 +-  0.000     0.000 1.000
L1_HTT320er                                                                10.074           1    10.074 +-  0.451   0.223 +-  0.067     1.716 1.000
L1_HTT340er                                                                 7.910           1     7.910 +-  0.400   0.000 +-  0.000     0.949 1.000
L1_HTT380er                                                                 4.491           1     4.491 +-  0.301   0.000 +-  0.000     0.339 1.000
L1_HTT400er                                                                 3.399           1     3.399 +-  0.262   0.000 +-  0.000     0.203 1.000
L1_HTT450er                                                                 2.003           1     2.003 +-  0.201   0.000 +-  0.000     0.084 1.000
L1_HTT500er                                                                 1.376           1     1.376 +-  0.167   0.000 +-  0.000     0.047 1.000
L1_ETM30                                                                 7165.340           0     0.000 +-  0.000   0.000 +-  0.000     0.000 1.000
L1_ETM40                                                                 3532.459           0     0.000 +-  0.000   0.000 +-  0.000     0.000 1.000
L1_ETM50                                                                 1620.777           0     0.000 +-  0.000   0.000 +-  0.000     0.000 1.000
L1_ETM60                                                                  724.068           0     0.000 +-  0.000   0.000 +-  0.000     0.000 1.000
L1_ETM70                                                                  325.944           0     0.000 +-  0.000   0.000 +-  0.000     0.000 1.000
L1_ETM75                                                                  218.462           0     0.000 +-  0.000   0.000 +-  0.000     0.000 1.000
L1_ETM80                                                                  149.701           0     0.000 +-  0.000   0.000 +-  0.000     0.000 1.000
L1_ETM85                                                                  102.788           0     0.000 +-  0.000   0.000 +-  0.000     0.000 1.000
L1_ETM90                                                                   70.622           0     0.000 +-  0.000   0.000 +-  0.000     0.000 1.000
L1_ETM95                                                                   49.078           0     0.000 +-  0.000   0.000 +-  0.000     0.000 1.000
L1_ETM100                                                                  33.824           0     0.000 +-  0.000   0.000 +-  0.000     0.000 1.000
L1_ETM105                                                                  23.163           0     0.000 +-  0.000   0.000 +-  0.000     0.000 1.000
L1_ETM110                                                                  16.487           0     0.000 +-  0.000   0.000 +-  0.000     0.000 1.000
L1_ETM115                                                                  11.491           0     0.000 +-  0.000   0.000 +-  0.000     0.000 1.000
L1_ETM120                                                                   8.638           0     0.000 +-  0.000   0.000 +-  0.000     0.000 1.000
L1_ETM150                                                                   1.578           0     0.000 +-  0.000   0.000 +-  0.000     0.000 1.000
L1_ETMHF70                                                                377.510           0     0.000 +-  0.000   0.000 +-  0.000     0.000 1.000
L1_ETMHF80                                                                172.601           0     0.000 +-  0.000   0.000 +-  0.000     0.000 1.000
L1_ETMHF90                                                                 80.859           0     0.000 +-  0.000   0.000 +-  0.000     0.000 1.000
L1_ETMHF100                                                                38.194           0     0.000 +-  0.000   0.000 +-  0.000     0.000 1.000
L1_ETMHF110                                                                18.328           0     0.000 +-  0.000   0.000 +-  0.000     0.000 1.000
L1_ETMHF120                                                                 9.326           1     9.326 +-  0.434   2.852 +-  0.240     4.526 1.000
L1_ETMHF150                                                                 1.881           1     1.881 +-  0.195   0.000 +-  0.000     0.322 1.000
L1_SingleMuOpen_NotBptxOR                                                   0.000           0     0.000 +-  0.000   0.000 +-  0.000     0.000 1.000
L1_SingleMuOpen_NotBptxOR_3BX                                               0.000           0     0.000 +-  0.000   0.000 +-  0.000     0.000 1.000
L1_SingleJet20er2p7_NotBptxOR                                               0.000           0     0.000 +-  0.000   0.000 +-  0.000     0.000 1.000
L1_SingleJet20er2p7_NotBptxOR_3BX                                           0.000           0     0.000 +-  0.000   0.000 +-  0.000     0.000 1.000
L1_SingleJet43er2p7_NotBptxOR_3BX                                           0.000           0     0.000 +-  0.000   0.000 +-  0.000     0.000 1.000
L1_SingleJet46er2p7_NotBptxOR_3BX                                           0.000           0     0.000 +-  0.000   0.000 +-  0.000     0.000 1.000
L1_DoubleJet30_Mass_Min300_dEta_Max1p5                                      2.610           0     0.000 +-  0.000   0.000 +-  0.000     0.000 1.000
L1_DoubleJet30_Mass_Min320_dEta_Max1p5                                      2.084           0     0.000 +-  0.000   0.000 +-  0.000     0.000 1.000
L1_DoubleJet30_Mass_Min340_dEta_Max1p5                                      1.497           0     0.000 +-  0.000   0.000 +-  0.000     0.000 1.000
L1_DoubleJet30_Mass_Min360_dEta_Max1p5                                      1.052           0     0.000 +-  0.000   0.000 +-  0.000     0.000 1.000
L1_DoubleJet30_Mass_Min380_dEta_Max1p5                                      0.931           0     0.000 +-  0.000   0.000 +-  0.000     0.000 1.000
L1_DoubleJet30_Mass_Min400_dEta_Max1p5                                      0.627           1     0.627 +-  0.113   0.000 +-  0.000     0.033 1.000
L1_DoubleMu0er2_SQ_dR_Max1p4                                               18.571           0     0.000 +-  0.000   0.000 +-  0.000     0.000 1.000
L1_DoubleMu0er1p5_SQ_dR_Max1p4                                              8.072           0     0.000 +-  0.000   0.000 +-  0.000     0.000 1.000
L1_LooseIsoEG24er2p1_Jet26er2p7_dR_Min0p3                                  14.990           0     0.000 +-  0.000   0.000 +-  0.000     0.000 1.000
L1_LooseIsoEG26er2p1_Jet34er2p7_dR_Min0p3                                   9.771           0     0.000 +-  0.000   0.000 +-  0.000     0.000 1.000
L1_LooseIsoEG28er2p1_Jet34er2p7_dR_Min0p3                                   8.314           0     0.000 +-  0.000   0.000 +-  0.000     0.000 1.000
L1_LooseIsoEG30er2p1_Jet34er2p7_dR_Min0p3                                   7.263           1     7.263 +-  0.383   0.020 +-  0.020     0.767 1.000
L1_LooseIsoEG24er2p1_HTT100er                                              11.187           0     0.000 +-  0.000   0.000 +-  0.000     0.000 1.000
L1_LooseIsoEG26er2p1_HTT100er                                               9.933           0     0.000 +-  0.000   0.000 +-  0.000     0.000 1.000
L1_LooseIsoEG28er2p1_HTT100er                                               8.881           1     8.881 +-  0.424   0.688 +-  0.118     1.468 1.000
L1_LooseIsoEG24er2p1_TripleJet_26er2p7_26_26er2p7                          13.251           0     0.000 +-  0.000   0.000 +-  0.000     0.000 1.000
L1_Mu18_HTT100er                                                            2.347           0     0.000 +-  0.000   0.000 +-  0.000     0.000 1.000
L1_Mu18_Jet24er2p7                                                         10.054           0     0.000 +-  0.000   0.000 +-  0.000     0.000 1.000
L1_Mu20_EG17                                                                0.344           1     0.344 +-  0.083   0.020 +-  0.020     0.081 1.000
L1_Mu23_EG10                                                                1.497           1     1.497 +-  0.174   0.061 +-  0.035     0.437 1.000
L1_Mu23_LooseIsoEG10                                                        0.506           1     0.506 +-  0.101   0.000 +-  0.000     0.131 1.000
L1_Mu5_EG23                                                                 2.691           0     0.000 +-  0.000   0.000 +-  0.000     0.000 1.000
L1_Mu5_LooseIsoEG20                                                         2.165           0     0.000 +-  0.000   0.000 +-  0.000     0.000 1.000
L1_Mu7_EG23                                                                 1.335           1     1.335 +-  0.164   0.405 +-  0.090     0.586 1.000
L1_Mu7_LooseIsoEG20                                                         1.011           1     1.011 +-  0.143   0.425 +-  0.093     0.550 1.000
L1_Mu7_LooseIsoEG23                                                         0.546           1     0.546 +-  0.105   0.000 +-  0.000     0.111 1.000
L1_HTT250er_QuadJet_70_55_40_35_er2p5                                      15.294           0     0.000 +-  0.000   0.000 +-  0.000     0.000 1.000
L1_HTT280er_QuadJet_70_55_40_35_er2p5                                      10.661           0     0.000 +-  0.000   0.000 +-  0.000     0.000 1.000
L1_HTT300er_QuadJet_70_55_40_35_er2p5                                       8.213           0     0.000 +-  0.000   0.000 +-  0.000     0.000 1.000
L1_HTT320er_QuadJet_70_55_40_40_er2p4                                       4.006           1     4.006 +-  0.285   0.000 +-  0.000     0.461 1.000
L1_HTT320er_QuadJet_70_55_40_40_er2p5                                       5.118           1     5.118 +-  0.322   0.000 +-  0.000     0.634 1.000
L1_HTT340er_QuadJet_70_55_40_40_er2p5                                       4.208           1     4.208 +-  0.292   0.000 +-  0.000     0.417 1.000
L1_HTT320er_QuadJet_70_55_45_45_er2p5                                       3.803           1     3.803 +-  0.277   0.000 +-  0.000     0.429 1.000
L1_HTT340er_QuadJet_70_55_45_45_er2p5                                       3.176           1     3.176 +-  0.253   0.000 +-  0.000     0.295 1.000
L1_DoubleJet100er2p3_dEta_Max1p6                                            4.714           0     0.000 +-  0.000   0.000 +-  0.000     0.000 1.000
L1_DoubleJet112er2p3_dEta_Max1p6                                            3.014           1     3.014 +-  0.247   0.303 +-  0.078     0.670 1.000
L1_Mu10er2p3_Jet32er2p3_dR_Max0p4_DoubleJet32er2p3_dEta_Max1p6              3.095           0     0.000 +-  0.000   0.000 +-  0.000     0.000 1.000
L1_Mu12er2p3_Jet40er2p3_dR_Max0p4_DoubleJet40er2p3_dEta_Max1p6              1.234           1     1.234 +-  0.158   0.344 +-  0.083     0.509 1.000
L1_IsoTau40er_ETM80                                                         6.352           0     0.000 +-  0.000   0.000 +-  0.000     0.000 1.000
L1_IsoTau40er_ETM85                                                         4.774           0     0.000 +-  0.000   0.000 +-  0.000     0.000 1.000
L1_IsoTau40er_ETM90                                                         3.702           0     0.000 +-  0.000   0.000 +-  0.000     0.000 1.000
L1_IsoTau40er_ETM95                                                         2.852           0     0.000 +-  0.000   0.000 +-  0.000     0.000 1.000
L1_IsoTau40er_ETM100                                                        2.225           1     2.225 +-  0.212   0.162 +-  0.057     0.464 1.000
L1_IsoTau40er_ETM105                                                        1.760           1     1.760 +-  0.189   0.000 +-  0.000     0.193 1.000
L1_IsoTau40er_ETM110                                                        1.537           1     1.537 +-  0.176   0.000 +-  0.000     0.137 1.000
L1_IsoTau40er_ETM115                                                        1.274           1     1.274 +-  0.161   0.000 +-  0.000     0.087 1.000
L1_IsoTau40er_ETM120                                                        1.173           1     1.173 +-  0.154   0.000 +-  0.000     0.073 1.000
L1_IsoTau40er_ETMHF80                                                       5.057           0     0.000 +-  0.000   0.000 +-  0.000     0.000 1.000
L1_IsoTau40er_ETMHF90                                                       2.994           0     0.000 +-  0.000   0.000 +-  0.000     0.000 1.000
L1_IsoTau40er_ETMHF100                                                      1.760           1     1.760 +-  0.189   0.061 +-  0.035     0.241 1.000
L1_IsoTau40er_ETMHF110                                                      1.254           1     1.254 +-  0.159   0.000 +-  0.000     0.069 1.000
L1_IsoTau40er_ETMHF120                                                      0.991           1     0.991 +-  0.142   0.000 +-  0.000     0.037 1.000
L1_Mu22er2p1_IsoTau40er2p1                                                  0.202           1     0.202 +-  0.064   0.000 +-  0.000     0.014 1.000
L1_QuadJet36er2p7_IsoTau52er2p1                                             5.159         190     0.020 +-  0.020   0.020 +-  0.020     0.020 1.000
L1_ETM80_Jet60_dPhi_Min0p4                                                100.401           0     0.000 +-  0.000   0.000 +-  0.000     0.000 1.000
L1_ETM90_Jet60_dPhi_Min0p4                                                 53.872           0     0.000 +-  0.000   0.000 +-  0.000     0.000 1.000
L1_ETM100_Jet60_dPhi_Min0p4                                                28.160           0     0.000 +-  0.000   0.000 +-  0.000     0.000 1.000
L1_ETM110_Jet60_dPhi_Min0p4                                                14.505           0     0.000 +-  0.000   0.000 +-  0.000     0.000 1.000
L1_DoubleJet60er2p7_ETM70                                                   9.286           0     0.000 +-  0.000   0.000 +-  0.000     0.000 1.000
L1_DoubleJet60er2p7_ETM80                                                   5.543           0     0.000 +-  0.000   0.000 +-  0.000     0.000 1.000
L1_DoubleJet60er2p7_ETM90                                                   3.176           0     0.000 +-  0.000   0.000 +-  0.000     0.000 1.000
L1_DoubleJet60er2p7_ETM100                                                  1.740           0     0.000 +-  0.000   0.000 +-  0.000     0.000 1.000
L1_DoubleEG_LooseIso23_10                                                   8.679           0     0.000 +-  0.000   0.000 +-  0.000     0.000 1.000
L1_DoubleEG_LooseIso24_10                                                   7.667           0     0.000 +-  0.000   0.000 +-  0.000     0.000 1.000
L1_TripleEG_LooseIso20_10_5                                                10.560           0     0.000 +-  0.000   0.000 +-  0.000     0.000 1.000
L1_DoubleJet_90_30_DoubleJet30_Mass_Min620                                 82.538           0     0.000 +-  0.000   0.000 +-  0.000     0.000 1.000
L1_DoubleJet_100_30_DoubleJet30_Mass_Min620                                39.731           0     0.000 +-  0.000   0.000 +-  0.000     0.000 1.000
L1_DoubleJet_100_35_DoubleJet35_Mass_Min620                                34.816           0     0.000 +-  0.000   0.000 +-  0.000     0.000 1.000
L1_DoubleJet_110_35_DoubleJet35_Mass_Min620                                19.320           0     0.000 +-  0.000   0.000 +-  0.000     0.000 1.000
L1_DoubleJet_110_40_DoubleJet40_Mass_Min620                                16.750           0     0.000 +-  0.000   0.000 +-  0.000     0.000 1.000
L1_DoubleJet_115_35_DoubleJet35_Mass_Min620                                14.869           0     0.000 +-  0.000   0.000 +-  0.000     0.000 1.000
L1_DoubleJet_115_40_DoubleJet40_Mass_Min620                                12.886           1    12.886 +-  0.511   6.615 +-  0.366     7.805 1.000
L1_DoubleJet30_Mass_Min400_Mu6                                             79.605           0     0.000 +-  0.000   0.000 +-  0.000     0.000 1.000
L1_DoubleJet30_Mass_Min400_Mu10                                            18.490           0     0.000 +-  0.000   0.000 +-  0.000     0.000 1.000
L1_DoubleJet35_rmovlp_IsoTau45_Mass_Min450                                 23.042           0     0.000 +-  0.000   0.000 +-  0.000     0.000 1.000
L1_LooseIsoEG22er2p1_IsoTau26er2p1_dR_Min0p3                                2.529           1     2.529 +-  0.226   0.303 +-  0.078     0.572 1.000
L1_LooseIsoEG24er2p1_IsoTau27er2p1_dR_Min0p3                                2.043           1     2.043 +-  0.203   0.000 +-  0.000     0.227 1.000
L1_Mu18er2p1_Tau24er2p1                                                     2.286           1     2.286 +-  0.215   0.384 +-  0.088     0.853 1.000
L1_Mu22er2p1_Tau50er2p1                                                     0.223           0     0.000 +-  0.000   0.000 +-  0.000     0.000 1.000
L1_Mu22er2p1_Tau70er2p1                                                     0.040           1     0.040 +-  0.029   0.000 +-  0.000     0.002 1.000
L1_Mu18er2p1_IsoTau26er2p1                                                  0.910           1     0.910 +-  0.136   0.000 +-  0.000     0.191 1.000
L1_Mu20er2p1_IsoTau26er2p1                                                  0.668           1     0.668 +-  0.116   0.000 +-  0.000     0.093 1.000
L1_Mu20er2p1_IsoTau27er2p1                                                  0.607           1     0.607 +-  0.111   0.000 +-  0.000     0.081 1.000
L1_Mu22er2p1_IsoTau28er2p1                                                  0.405           0     0.000 +-  0.000   0.000 +-  0.000     0.000 1.000
L1_Mu22er2p1_IsoTau30er2p1                                                  0.344           0     0.000 +-  0.000   0.000 +-  0.000     0.000 1.000
L1_Mu22er2p1_IsoTau32er2p1                                                  0.283           0     0.000 +-  0.000   0.000 +-  0.000     0.000 1.000
L1_Mu22er2p1_IsoTau33er2p1                                                  0.263           0     0.000 +-  0.000   0.000 +-  0.000     0.000 1.000
L1_Mu22er2p1_IsoTau34er2p1                                                  0.263           1     0.263 +-  0.073   0.000 +-  0.000     0.020 1.000
L1_Mu22er2p1_IsoTau35er2p1                                                  0.263           1     0.263 +-  0.073   0.000 +-  0.000     0.020 1.000
L1_Mu22er2p1_IsoTau36er2p1                                                  0.243           1     0.243 +-  0.070   0.000 +-  0.000     0.018 1.000
L1_Mu22er2p1_IsoTau38er2p1                                                  0.243           1     0.243 +-  0.070   0.000 +-  0.000     0.018 1.000
L1_Mu6_HTT240er                                                             2.306           1     2.306 +-  0.216   0.223 +-  0.067     0.754 1.000
L1_Mu6_HTT250er                                                             1.902           1     1.902 +-  0.196   0.000 +-  0.000     0.498 1.000
L1_Mu15_HTT100er                                                            3.480           0     0.000 +-  0.000   0.000 +-  0.000     0.000 1.000
L1_DoubleMu3_SQ_ETMHF40_Jet60_OR_DoubleJet30                               11.996           0     0.000 +-  0.000   0.000 +-  0.000     0.000 1.000
L1_DoubleMu3_SQ_ETMHF50_Jet60_OR_DoubleJet30                                6.878           0     0.000 +-  0.000   0.000 +-  0.000     0.000 1.000
L1_DoubleMu3_SQ_ETMHF60_Jet60_OR_DoubleJet30                                3.560           1     3.560 +-  0.268   1.315 +-  0.163     2.094 1.000
L1_DoubleMu3_SQ_ETMHF70_Jet60_OR_DoubleJet30                                1.760           1     1.760 +-  0.189   0.000 +-  0.000     0.608 1.000
L1_DoubleMu3_SQ_ETMHF80_Jet60_OR_DoubleJet30                                1.072           1     1.072 +-  0.147   0.000 +-  0.000     0.283 1.000
L1_DoubleMu3_SQ_HTT100er                                                    7.627           0     0.000 +-  0.000   0.000 +-  0.000     0.000 1.000
L1_DoubleMu3_SQ_HTT200er                                                    1.011           1     1.011 +-  0.143   0.182 +-  0.061     0.390 1.000
L1_DoubleMu3_SQ_HTT220er                                                    0.627           1     0.627 +-  0.113   0.000 +-  0.000     0.135 1.000
L1_DoubleMu3_SQ_HTT240er                                                    0.465           1     0.465 +-  0.097   0.000 +-  0.000     0.074 1.000
L1_DoubleMu_15_5_SQ                                                         1.153           1     1.153 +-  0.153   0.162 +-  0.057     0.319 1.000
L1_DoubleMu_15_7_SQ                                                         0.587           1     0.587 +-  0.109   0.000 +-  0.000     0.080 1.000
L1_DoubleMu_15_7_SQ_Mass_Min4                                               0.445           1     0.445 +-  0.095   0.000 +-  0.000     0.056 1.000
L1_TripleMu3_SQ                                                             2.569           1     2.569 +-  0.228   0.728 +-  0.121     1.206 1.000
L1_DoubleEG6_HTT240er                                                      27.270           0     0.000 +-  0.000   0.000 +-  0.000     0.000 1.000
L1_DoubleEG6_HTT250er                                                      21.990           0     0.000 +-  0.000   0.000 +-  0.000     0.000 1.000
L1_DoubleEG6_HTT270er                                                      14.363           0     0.000 +-  0.000   0.000 +-  0.000     0.000 1.000
L1_DoubleEG6_HTT300er                                                       8.274           1     8.274 +-  0.409   0.850 +-  0.131     2.434 1.000
L1_DoubleEG8er2p6_HTT255er                                                  9.306           0     0.000 +-  0.000   0.000 +-  0.000     0.000 1.000
L1_DoubleEG8er2p6_HTT270er                                                  6.878           0     0.000 +-  0.000   0.000 +-  0.000     0.000 1.000
L1_DoubleEG8er2p6_HTT300er                                                  4.309           1     4.309 +-  0.295   0.000 +-  0.000     0.970 1.000
L1_ETMHF100_Jet60_OR_DoubleJet30                                           37.911           0     0.000 +-  0.000   0.000 +-  0.000     0.000 1.000
L1_ETMHF100_Jet60_OR_DiJet30woTT28                                         34.714           0     0.000 +-  0.000   0.000 +-  0.000     0.000 1.000
L1_ETMHF110_Jet60_OR_DiJet30woTT28                                         17.175           0     0.000 +-  0.000   0.000 +-  0.000     0.000 1.000
L1_ETMHF120_Jet60_OR_DiJet30woTT28                                          9.002           0     0.000 +-  0.000   0.000 +-  0.000     0.000 1.000
L1_ETMHF70_Jet90_OR_DoubleJet45_OR_TripleJet30                            308.748           0     0.000 +-  0.000   0.000 +-  0.000     0.000 1.000
L1_ETMHF80_Jet90_OR_DoubleJet45_OR_TripleJet30                            153.160           0     0.000 +-  0.000   0.000 +-  0.000     0.000 1.000
L1_ETMHF90_Jet90_OR_DoubleJet45_OR_TripleJet30                             75.741           0     0.000 +-  0.000   0.000 +-  0.000     0.000 1.000
L1_ETMHF100_Jet90_OR_DoubleJet45_OR_TripleJet30                            36.737           0     0.000 +-  0.000   0.000 +-  0.000     0.000 1.000
L1_ETMHF110_Jet90_OR_DoubleJet45_OR_TripleJet30                            17.964           0     0.000 +-  0.000   0.000 +-  0.000     0.000 1.000
L1_DoubleMu7_SQ_EG7                                                         0.728           1     0.728 +-  0.121   0.121 +-  0.050     0.261 1.000
L1_ETMHF80_HTT60er                                                         80.960           0     0.000 +-  0.000   0.000 +-  0.000     0.000 1.000
L1_ETMHF90_HTT60er                                                         41.026           0     0.000 +-  0.000   0.000 +-  0.000     0.000 1.000
L1_ETMHF100_HTT60er                                                        20.574           0     0.000 +-  0.000   0.000 +-  0.000     0.000 1.000
L1_ETMHF110_HTT60er                                                        10.479           1    10.479 +-  0.460   4.390 +-  0.298     5.939 1.000
L1_ETMHF120_HTT60er                                                         5.482           1     5.482 +-  0.333   0.000 +-  0.000     1.395 1.000
L1_Mu3_Jet30er2p5                                                         745.349       11000     0.061 +-  0.035   0.061 +-  0.035     0.061 1.000
L1_DoubleMu0er1p5_SQ_OS_dR_Max1p4                                           3.823           1     3.823 +-  0.278   0.425 +-  0.093     1.485 1.000
L1_DoubleMu4p5er2p0_SQ_OS_Mass7to18                                         1.902           1     1.902 +-  0.196   0.749 +-  0.123     1.149 1.000
L1_DoubleMu4_SQ_OS_dR_Max1p2                                                3.803           1     3.803 +-  0.277   0.384 +-  0.088     1.400 1.000
L1_DoubleMu5_SQ_OS_Mass7to18                                                1.274           1     1.274 +-  0.161   0.081 +-  0.040     0.518 1.000
L1_DoubleMu_20_2_SQ_Mass_Max20                                              0.749           1     0.749 +-  0.123   0.040 +-  0.029     0.179 1.000
L1_DoubleMu4_OS_EG12                                                        1.335           1     1.335 +-  0.164   0.506 +-  0.101     0.725 1.000
L1_DoubleMu0er1p4_SQ_OS_dR_Max1p4                                           2.610           1     2.610 +-  0.230   0.000 +-  0.000     0.802 1.000
L1_DoubleMu4p5_SQ_OS_dR_Max1p2                                              2.185           1     2.185 +-  0.210   0.000 +-  0.000     0.631 1.000
L1_DoubleMu5_OS_EG12                                                        0.344           1     0.344 +-  0.083   0.000 +-  0.000     0.069 1.000
L1_DoubleMu6_SQ_OS                                                          1.355           0     0.000 +-  0.000   0.000 +-  0.000     0.000 1.000
L1_TripleMu_5_3p5_2p5_DoubleMu_5_2p5_OS_Mass_5to17                          1.092           1     1.092 +-  0.149   0.040 +-  0.029     0.298 1.000
L1_TripleMu_5_4_2p5_DoubleMu_5_2p5_OS_Mass_5to17                            0.850           1     0.850 +-  0.131   0.000 +-  0.000     0.185 1.000
L1_TripleMu_5SQ_3SQ_0OQ_DoubleMu_5_3_SQ_OS_Mass_Max9                        1.598           1     1.598 +-  0.180   0.061 +-  0.035     0.467 1.000
L1_TripleMu_5SQ_3SQ_0_DoubleMu_5_3_SQ_OS_Mass_Max9                          1.335           1     1.335 +-  0.164   0.000 +-  0.000     0.343 1.000
L1_DoubleMu8_SQ                                                             1.072           1     1.072 +-  0.147   0.303 +-  0.078     0.463 1.000
L1_DoubleMu0_SQ                                                           158.906         430     0.364 +-  0.086   0.364 +-  0.086     0.364 1.000
L1_DoubleMu0_SQ_OS                                                         81.992           0     0.000 +-  0.000   0.000 +-  0.000     0.000 1.000
L1_DoubleMu4p5_SQ                                                          13.352          80     0.162 +-  0.057   0.142 +-  0.054     0.143 1.000
L1_DoubleMu4p5_SQ_OS                                                        6.413           0     0.000 +-  0.000   0.000 +-  0.000     0.000 1.000
L1_DoubleMu4p5er2p0_SQ_OS                                                   4.693           0     0.000 +-  0.000   0.000 +-  0.000     0.000 1.000
L1_DoubleMu0er1p5_SQ_OS                                                     8.031           0     0.000 +-  0.000   0.000 +-  0.000     0.000 1.000
L1_DoubleMu4_SQ_OS                                                         11.410           0     0.000 +-  0.000   0.000 +-  0.000     0.000 1.000
L1_DoubleMu5_SQ_OS                                                          3.702           0     0.000 +-  0.000   0.000 +-  0.000     0.000 1.000
L1_TripleMu_5_3p5_2p5                                                       3.095          55     0.040 +-  0.029   0.000 +-  0.000     0.005 1.000
L1_TripleMu0_OQ                                                            47.702        1300     0.020 +-  0.020   0.020 +-  0.020     0.020 1.000
L1_TripleMu_5SQ_3SQ_0OQ                                                     6.029          40     0.142 +-  0.054   0.040 +-  0.029     0.064 1.000
L1_DoubleMu5Upsilon_OS_DoubleEG3                                            0.587           1     0.587 +-  0.109   0.020 +-  0.020     0.210 1.000
L1_DoubleMu3_OS_DoubleEG7p5Upsilon                                          0.506           1     0.506 +-  0.101   0.324 +-  0.081     0.394 1.000
L1_TripleMu_5OQ_3p5OQ_2p5OQ_DoubleMu_5_2p5_OQ_OS_Mass_8to14                 0.749           1     0.749 +-  0.123   0.283 +-  0.076     0.383 1.000
L1_TripleMu_5OQ_3p5OQ_2p5OQ_DoubleMu_5_2p5_OQ_OS_Mass_5to17                 1.376           0     0.000 +-  0.000   0.000 +-  0.000     0.000 1.000
L1_Mu6_DoubleEG17                                                           0.223           1     0.223 +-  0.067   0.040 +-  0.029     0.075 1.000
L1_DoubleMu7_EG7                                                            1.032           0     0.000 +-  0.000   0.000 +-  0.000     0.000 1.000
L1_IsolatedBunch                                                            0.000         110     0.000 +-  0.000   0.000 +-  0.000     0.000 1.000
L1_FirstBunchInTrain                                                     2619.849      269167     0.000 +-  0.000   0.000 +-  0.000     0.000 1.000
L1_FirstBunchAfterTrain                                                     0.000      269167     0.000 +-  0.000   0.000 +-  0.000     0.000 1.000
L1_Mu5_EG15                                                                17.458           0     0.000 +-  0.000   0.000 +-  0.000     0.000 1.000
L1_Mu5_EG20                                                                 4.896           0     0.000 +-  0.000   0.000 +-  0.000     0.000 1.000
L1_Mu5_LooseIsoEG18                                                         3.318           0     0.000 +-  0.000   0.000 +-  0.000     0.000 1.000
L1_Mu12_EG10                                                                7.303           0     0.000 +-  0.000   0.000 +-  0.000     0.000 1.000
L1_Mu20_EG10                                                                1.922           0     0.000 +-  0.000   0.000 +-  0.000     0.000 1.000
L1_MU20_EG15                                                                0.587           0     0.000 +-  0.000   0.000 +-  0.000     0.000 1.000
L1_Mu20_LooseIsoEG6                                                         3.075           0     0.000 +-  0.000   0.000 +-  0.000     0.000 1.000
L1_Mu6_HTT200er                                                             4.794           0     0.000 +-  0.000   0.000 +-  0.000     0.000 1.000
L1_Mu8_HTT150er                                                             6.089           0     0.000 +-  0.000   0.000 +-  0.000     0.000 1.000
L1_EG25er2p1_HTT125er                                                      15.314           0     0.000 +-  0.000   0.000 +-  0.000     0.000 1.000
L1_EG27er2p1_HTT200er                                                       5.503           0     0.000 +-  0.000   0.000 +-  0.000     0.000 1.000
L1_DoubleJet60er2p7_ETM60                                                  14.687           0     0.000 +-  0.000   0.000 +-  0.000     0.000 1.000
L1_QuadJet36er2p7_Tau52                                                     9.650           0     0.000 +-  0.000   0.000 +-  0.000     0.000 1.000
L1_ETM75_Jet60_dPhi_Min0p4                                                133.092           0     0.000 +-  0.000   0.000 +-  0.000     0.000 1.000
L1_DoubleMu0_ETM40                                                         69.631           0     0.000 +-  0.000   0.000 +-  0.000     0.000 1.000
L1_DoubleMu0_ETM55                                                         23.750           0     0.000 +-  0.000   0.000 +-  0.000     0.000 1.000
L1_DoubleMu0_ETM60                                                         15.941           0     0.000 +-  0.000   0.000 +-  0.000     0.000 1.000
L1_DoubleMu0_ETM65                                                         10.904           0     0.000 +-  0.000   0.000 +-  0.000     0.000 1.000
L1_DoubleMu0_ETM70                                                          7.647           0     0.000 +-  0.000   0.000 +-  0.000     0.000 1.000
L1_DoubleEG6_HTT255er                                                      19.704           0     0.000 +-  0.000   0.000 +-  0.000     0.000 1.000
L1_DoubleMu0er1p4_dEta_Max1p8_OS                                            5.766           0     0.000 +-  0.000   0.000 +-  0.000     0.000 1.000
L1_DoubleMu_10_0_dEta_Max1p8                                                9.589           0     0.000 +-  0.000   0.000 +-  0.000     0.000 1.000
L1_Mu6_DoubleEG10                                                           5.037           0     0.000 +-  0.000   0.000 +-  0.000     0.000 1.000
L1_Mu3_Jet16er2p7_dEta_Max0p4_dPhi_Max0p4                                 123.827         360     0.344 +-  0.083   0.324 +-  0.081     0.330 1.000
L1_Mu3_Jet60er2p7_dEta_Max0p4_dPhi_Max0p4                                   8.173          60     0.121 +-  0.050   0.101 +-  0.045     0.108 1.000
L1_Mu3_Jet120er2p7_dEta_Max0p4_dPhi_Max0p4                                  0.587           1     0.587 +-  0.109   0.040 +-  0.029     0.153 1.000
L1_SingleEG2_BptxAND                                                    20623.243           0     0.000 +-  0.000   0.000 +-  0.000     0.000 1.000
L1_SingleJet12_BptxAND                                                  20706.367           0     0.000 +-  0.000   0.000 +-  0.000     0.000 1.000
L1_ETT40_BptxAND                                                        20984.103           0     0.000 +-  0.000   0.000 +-  0.000     0.000 1.000
L1_ETT50_BptxAND                                                        20984.103           0     0.000 +-  0.000   0.000 +-  0.000     0.000 1.000
L1_ETT60_BptxAND                                                        20984.103           0     0.000 +-  0.000   0.000 +-  0.000     0.000 1.000
L1_ETT70_BptxAND                                                        20984.103           0     0.000 +-  0.000   0.000 +-  0.000     0.000 1.000
L1_ETT75_BptxAND                                                        20984.103           0     0.000 +-  0.000   0.000 +-  0.000     0.000 1.000
L1_ETT80_BptxAND                                                        20984.103           0     0.000 +-  0.000   0.000 +-  0.000     0.000 1.000
L1_ETT85_BptxAND                                                        20984.103           0     0.000 +-  0.000   0.000 +-  0.000     0.000 1.000
L1_ETT90_BptxAND                                                        20984.103           0     0.000 +-  0.000   0.000 +-  0.000     0.000 1.000
L1_ETT95_BptxAND                                                        20984.083           0     0.000 +-  0.000   0.000 +-  0.000     0.000 1.000
L1_ETT100_BptxAND                                                       20984.063           0     0.000 +-  0.000   0.000 +-  0.000     0.000 1.000
L1_ETT110_BptxAND                                                       20983.820           0     0.000 +-  0.000   0.000 +-  0.000     0.000 1.000
L1_MinimumBiasHF0_AND_BptxAND                                           20984.103           0     0.000 +-  0.000   0.000 +-  0.000     0.000 1.000
L1_MinimumBiasHF0_OR_BptxAND                                            20984.103           0     0.000 +-  0.000   0.000 +-  0.000     0.000 1.000
L1_Mu10er2p1_ETM30                                                         19.117           0     0.000 +-  0.000   0.000 +-  0.000     0.000 1.000
L1_Mu14er2p1_ETM30                                                          8.092           0     0.000 +-  0.000   0.000 +-  0.000     0.000 1.000
L1_AlwaysTrue                                                           20984.103           0     0.000 +-  0.000   0.000 +-  0.000     0.000 1.000
L1_NotBptxOR                                                                0.000           0     0.000 +-  0.000   0.000 +-  0.000     0.000 1.000
L1_BptxXOR                                                                  0.000           0     0.000 +-  0.000   0.000 +-  0.000     0.000 1.000
L1_ZeroBias_copy                                                        20984.103           0     0.000 +-  0.000   0.000 +-  0.000     0.000 1.000
L1_BPTX_BeamGas_Ref1_VME                                                18364.254           0     0.000 +-  0.000   0.000 +-  0.000     0.000 1.000
L1_BPTX_BeamGas_Ref2_VME                                                18352.460           0     0.000 +-  0.000   0.000 +-  0.000     0.000 1.000
L1_BPTX_BeamGas_B1_VME                                                     25.328           0     0.000 +-  0.000   0.000 +-  0.000     0.000 1.000
L1_BPTX_BeamGas_B2_VME                                                     28.565           0     0.000 +-  0.000   0.000 +-  0.000     0.000 1.000
L1_ZeroBias                                                             20984.103       12457     1.679 +-  0.184   1.659 +-  0.183     1.666 1.000
L1_BptxPlus                                                             20984.103           0     0.000 +-  0.000   0.000 +-  0.000     0.000 1.000
L1_BptxMinus                                                            20984.103           0     0.000 +-  0.000   0.000 +-  0.000     0.000 1.000
L1_BptxOR                                                               20984.103           0     0.000 +-  0.000   0.000 +-  0.000     0.000 1.000
L1_BPTX_AND_Ref1_VME                                                    18352.460           0     0.000 +-  0.000   0.000 +-  0.000     0.000 1.000
L1_UnpairedBunchBptxPlus                                                    0.000           0     0.000 +-  0.000   0.000 +-  0.000     0.000 1.000
L1_UnpairedBunchBptxMinus                                                   0.000           0     0.000 +-  0.000   0.000 +-  0.000     0.000 1.000
L1_BPTX_NotOR_VME                                                           0.000           0     0.000 +-  0.000   0.000 +-  0.000     0.000 1.000
L1_BPTX_AND_Ref3_VME                                                    20984.103           0     0.000 +-  0.000   0.000 +-  0.000     0.000 1.000
L1_BPTX_OR_Ref3_VME                                                     20984.103           0     0.000 +-  0.000   0.000 +-  0.000     0.000 1.000
L1_BPTX_RefAND_VME                                                      20984.103           0     0.000 +-  0.000   0.000 +-  0.000     0.000 1.000
L1_FirstCollisionInOrbit                                                   11.794        1103     0.000 +-  0.000   0.000 +-  0.000     0.000 1.000
L1_BPTX_AND_Ref4_VME                                                    20984.103           0     0.000 +-  0.000   0.000 +-  0.000     0.000 1.000
L1_BPTX_OR_Ref4_VME                                                     18352.460           0     0.000 +-  0.000   0.000 +-  0.000     0.000 1.000
L1_LastCollisionInTrain                                                  2620.679      269167     0.000 +-  0.000   0.000 +-  0.000     0.000 1.000
L1_FirstCollisionInTrain                                                 2631.643      269167     0.000 +-  0.000   0.000 +-  0.000     0.000 1.000
L1_CDC_SingleMu_3_er1p2_TOP120_DPHI2p618_3p142                              0.283         190     0.000 +-  0.000   0.000 +-  0.000     0.000 1.000
total [kHz]: 92.086 +- 1.365
unique [kHz]: 36.090
proportional [kHz]: 92.086
